1 1
1 2001
1 2002
1 2003
2 2
2 3
2 4
2 2004
2 2005
2 2006
3 5
4 2007
5 6
5 2008
5 2009
6 7
6 8
6 2010
6 2011
7 9
7 10
7 11
7 2012
8 2013
8 2014
9 12
9 13
9 2015
9 2016
9 2017
9 2018
9 2019
10 14
10 2020
11 15
11 16
11 17
11 2021
11 2022
11 2023
12 18
12 19
12 2024
12 2025
12 2026
12 2027
12 2028
12 2029
13 2030
13 2031
14 20
14 21
14 22
14 2032
14 2033
15 23
15 24
15 2034
15 2035
15 2036
16 25
16 26
16 27
16 2037
17 28
17 2038
18 29
18 30
18 31
18 32
18 2039
19 33
19 2040
19 2041
20 34
20 2042
20 2043
20 2044
21 35
21 36
21 2045
21 2046
21 2047
22 37
22 38
22 39
22 40
22 41
22 2048
22 2049
22 2050
23 42
23 2051
23 2052
24 43
24 44
24 45
24 2053
24 2054
24 2055
24 2056
24 2057
25 46
25 2058
26 47
26 2059
26 2060
26 2061
26 2062
27 48
27 2063
27 2064
28 49
28 2065
28 2066
28 2067
28 2068
29 50
29 51
29 52
29 53
29 2069
29 2070
29 2071
30 54
30 55
30 56
30 57
30 2072
31 58
31 2073
31 2074
31 2075
31 2076
31 2077
32 59
32 2078
32 2079
32 2080
32 2081
33 60
33 61
33 62
33 2082
33 2083
33 2084
34 63
34 64
34 65
34 66
34 2085
34 2086
34 2087
35 67
35 68
35 69
35 2088
35 2089
35 2090
36 70
36 71
36 72
36 2091
36 2092
36 2093
36 2094
36 2095
37 73
37 2096
37 2097
37 2098
38 2099
39 74
39 75
39 76
39 77
39 2100
39 2101
39 2102
40 78
40 79
40 80
40 81
41 2103
42 82
43 2104
44 2105
45 2106
46 83
47 2107
48 2108
49 84
49 85
49 86
49 87
49 2109
49 2110
49 2111
49 2112
49 2113
49 2114
50 88
50 89
50 90
50 2115
50 2116
50 2117
50 2118
50 2119
50 2120
51 91
51 92
51 2121
51 2122
52 93
52 94
52 95
52 2123
52 2124
52 2125
52 2126
52 2127
53 96
53 2128
53 2129
53 2130
53 2131
53 2132
54 97
54 98
54 99
54 2133
54 2134
54 2135
54 2136
55 100
55 2137
55 2138
55 2139
55 2140
56 101
56 102
56 103
56 2141
56 2142
56 2143
56 2144
57 104
57 105
57 106
57 2145
57 2146
57 2147
57 2148
57 2149
58 107
58 108
58 109
58 2150
58 2151
58 2152
58 2153
58 2154
58 2155
59 110
59 111
59 2156
59 2157
59 2158
60 112
60 113
60 114
60 115
60 116
60 2159
61 117
61 118
61 119
61 120
61 2160
61 2161
61 2162
61 2163
62 121
62 122
62 123
62 124
62 125
62 126
62 2164
62 2165
62 2166
63 127
63 128
63 129
63 130
63 2167
63 2168
63 2169
63 2170
63 2171
64 131
64 132
64 133
64 134
64 135
64 2172
64 2173
64 2174
64 2175
65 136
65 137
65 138
65 139
65 2176
65 2177
65 2178
65 2179
66 140
66 141
66 142
66 143
66 2180
66 2181
66 2182
67 144
67 145
67 146
67 147
67 148
67 149
67 2183
68 150
68 2184
68 2185
68 2186
68 2187
68 2188
68 2189
68 2190
69 151
69 152
69 153
69 154
69 2191
69 2192
69 2193
69 2194
69 2195
70 155
70 156
70 157
70 158
70 2196
70 2197
70 2198
70 2199
71 159
71 160
71 161
71 2200
71 2201
72 162
72 163
72 164
72 165
72 166
72 167
72 2202
72 2203
72 2204
73 168
73 169
73 2205
73 2206
74 170
74 171
74 2207
74 2208
74 2209
74 2210
74 2211
74 2212
74 2213
75 172
75 173
75 174
75 175
75 2214
75 2215
75 2216
75 2217
76 176
76 177
76 178
76 2218
76 2219
76 2220
76 2221
76 2222
77 179
77 180
77 2223
77 2224
77 2225
77 2226
77 2227
77 2228
77 2229
77 2230
78 181
78 182
78 183
78 2231
78 2232
78 2233
78 2234
78 2235
79 184
79 185
79 186
79 187
79 2236
79 2237
79 2238
79 2239
79 2240
80 188
80 189
80 190
80 191
80 192
80 193
80 194
80 2241
81 195
81 196
81 197
81 198
81 199
81 200
81 201
81 2242
81 2243
81 2244
82 202
82 203
82 204
82 205
82 2245
82 2246
82 2247
82 2248
82 2249
82 2250
82 2251
82 2252
83 206
83 207
83 208
83 209
83 210
83 211
83 212
83 213
83 2253
83 2254
83 2255
84 214
84 2256
84 2257
84 2258
85 215
85 216
85 217
85 218
85 2259
85 2260
85 2261
85 2262
85 2263
86 219
86 220
86 221
86 222
86 223
86 224
86 2264
86 2265
86 2266
86 2267
86 2268
87 225
87 226
87 2269
87 2270
87 2271
88 227
88 228
88 229
88 2272
89 230
89 231
89 232
89 233
89 2273
90 234
90 235
90 236
90 237
90 238
90 239
90 240
90 241
90 242
90 243
90 244
90 245
91 246
91 247
91 248
91 249
91 250
91 251
91 252
91 2274
91 2275
91 2276
91 2277
91 2278
91 2279
91 2280
91 2281
91 2282
91 2283
91 2284
92 253
92 254
92 255
92 256
92 257
92 258
92 2285
92 2286
93 259
93 260
93 261
93 262
93 263
93 264
93 2287
93 2288
93 2289
94 265
94 266
94 267
94 268
94 269
94 270
94 271
94 2290
94 2291
94 2292
94 2293
94 2294
94 2295
94 2296
95 272
95 273
95 274
95 275
95 276
95 277
95 278
95 2297
95 2298
95 2299
95 2300
95 2301
95 2302
95 2303
95 2304
96 279
96 280
96 281
96 2305
96 2306
96 2307
96 2308
96 2309
96 2310
96 2311
96 2312
96 2313
96 2314
96 2315
96 2316
97 282
97 283
97 284
97 285
97 286
97 287
97 288
97 289
97 290
97 2317
97 2318
97 2319
97 2320
97 2321
97 2322
97 2323
97 2324
97 2325
97 2326
97 2327
97 2328
97 2329
98 291
98 292
98 293
98 294
98 295
98 296
98 297
98 2330
98 2331
98 2332
99 298
99 299
99 300
99 301
99 302
99 303
99 304
99 305
99 306
99 2333
99 2334
99 2335
100 307
100 308
100 309
100 310
100 311
100 312
100 313
100 314
100 315
100 2336
100 2337
100 2338
100 2339
100 2340
100 2341
100 2342
100 2343
100 2344
100 2345
101 316
101 317
101 318
101 319
101 320
101 321
101 2346
101 2347
101 2348
101 2349
101 2350
101 2351
101 2352
102 322
102 323
102 324
102 325
102 2353
102 2354
102 2355
103 326
103 327
103 328
103 329
103 330
103 331
103 2356
103 2357
103 2358
103 2359
103 2360
104 332
104 333
104 334
104 335
104 336
104 337
104 338
104 339
104 340
104 341
104 2361
104 2362
104 2363
104 2364
104 2365
104 2366
104 2367
104 2368
105 342
105 343
105 344
105 345
105 346
105 347
105 348
105 349
105 350
105 351
105 352
105 2369
105 2370
105 2371
105 2372
105 2373
105 2374
105 2375
106 353
106 354
106 355
106 356
106 357
106 358
106 359
106 360
106 2376
106 2377
106 2378
106 2379
106 2380
106 2381
106 2382
106 2383
106 2384
106 2385
107 361
107 362
107 363
107 364
107 365
107 366
107 367
107 368
107 2386
107 2387
107 2388
107 2389
107 2390
107 2391
107 2392
107 2393
108 369
108 370
108 371
108 372
108 373
108 374
108 375
108 376
108 2394
108 2395
108 2396
108 2397
108 2398
108 2399
108 2400
108 2401
109 377
109 378
109 379
109 380
109 381
109 382
109 383
109 384
109 2402
109 2403
109 2404
109 2405
109 2406
109 2407
109 2408
109 2409
109 2410
110 385
110 386
110 387
110 388
110 389
110 390
110 391
110 392
110 393
110 2411
110 2412
110 2413
110 2414
110 2415
110 2416
110 2417
110 2418
111 394
111 395
111 396
111 397
111 398
111 399
111 400
111 401
111 402
111 403
111 404
111 405
111 406
111 2419
111 2420
111 2421
111 2422
111 2423
111 2424
111 2425
111 2426
112 407
112 408
112 409
112 410
112 411
112 412
112 2427
112 2428
112 2429
112 2430
112 2431
112 2432
112 2433
112 2434
112 2435
113 413
113 414
113 415
113 416
113 417
113 418
113 419
113 2436
113 2437
113 2438
113 2439
113 2440
113 2441
114 420
114 421
114 422
114 423
114 424
114 425
114 426
114 427
114 2442
114 2443
114 2444
114 2445
114 2446
114 2447
114 2448
114 2449
115 428
115 429
115 430
115 431
115 432
115 433
115 434
115 435
115 436
115 2450
115 2451
115 2452
115 2453
116 437
116 438
116 439
116 440
116 441
116 2454
116 2455
116 2456
116 2457
116 2458
116 2459
116 2460
116 2461
116 2462
116 2463
116 2464
116 2465
116 2466
116 2467
116 2468
117 442
117 443
117 444
117 445
117 2469
117 2470
117 2471
117 2472
117 2473
117 2474
117 2475
117 2476
117 2477
117 2478
117 2479
117 2480
118 446
118 447
118 448
118 449
118 450
118 451
118 452
118 453
118 454
118 455
118 456
118 457
118 458
118 2481
118 2482
118 2483
118 2484
118 2485
118 2486
118 2487
118 2488
119 459
119 460
119 461
119 462
119 2489
119 2490
119 2491
119 2492
119 2493
119 2494
119 2495
120 463
120 464
120 465
120 466
120 467
120 2496
120 2497
120 2498
120 2499
120 2500
120 2501
120 2502
120 2503
120 2504
120 2505
121 468
121 469
121 470
121 471
121 472
121 473
121 474
121 475
121 476
121 2506
121 2507
121 2508
121 2509
122 477
122 478
122 479
122 480
122 481
122 482
122 483
122 2510
122 2511
122 2512
122 2513
122 2514
123 484
123 485
123 486
123 487
123 488
123 489
123 490
123 491
123 2515
123 2516
123 2517
123 2518
123 2519
123 2520
123 2521
123 2522
124 492
124 493
124 494
124 495
124 496
124 497
124 498
124 2523
124 2524
124 2525
124 2526
124 2527
124 2528
124 2529
124 2530
125 499
125 500
125 501
125 502
125 503
125 504
125 505
125 506
125 2531
125 2532
125 2533
125 2534
125 2535
125 2536
125 2537
125 2538
126 507
126 508
126 2539
126 2540
126 2541
126 2542
126 2543
127 2544
128 2545
129 509
129 510
129 511
129 512
129 513
129 514
129 515
129 516
129 517
129 518
129 519
129 520
129 2546
129 2547
129 2548
129 2549
129 2550
129 2551
129 2552
129 2553
129 2554
129 2555
130 521
130 522
130 523
130 524
130 525
130 526
130 527
130 528
130 529
130 530
130 531
130 532
130 2556
130 2557
130 2558
130 2559
130 2560
130 2561
130 2562
130 2563
130 2564
130 2565
130 2566
130 2567
130 2568
130 2569
131 533
131 534
131 535
131 536
131 537
131 538
131 539
131 540
131 541
131 542
131 543
131 544
131 545
131 2570
131 2571
131 2572
131 2573
131 2574
131 2575
131 2576
131 2577
131 2578
131 2579
131 2580
131 2581
131 2582
131 2583
132 546
132 547
132 548
132 549
132 550
132 551
132 552
132 553
132 554
132 555
132 556
132 2584
132 2585
132 2586
132 2587
132 2588
132 2589
132 2590
132 2591
132 2592
132 2593
132 2594
132 2595
132 2596
132 2597
132 2598
133 557
133 558
133 559
133 560
133 561
133 562
133 563
133 564
133 2599
133 2600
133 2601
133 2602
133 2603
133 2604
133 2605
133 2606
133 2607
133 2608
133 2609
133 2610
133 2611
133 2612
134 565
134 566
134 567
134 568
134 569
134 570
134 571
134 572
134 573
134 574
134 2613
134 2614
134 2615
134 2616
134 2617
134 2618
134 2619
134 2620
134 2621
134 2622
135 575
135 576
135 577
135 578
135 579
135 580
135 2623
135 2624
135 2625
135 2626
135 2627
135 2628
135 2629
135 2630
135 2631
135 2632
136 581
136 582
136 583
136 584
136 585
136 586
136 587
136 588
136 589
136 590
136 591
136 592
136 593
136 594
136 595
136 2633
136 2634
136 2635
136 2636
136 2637
136 2638
136 2639
136 2640
136 2641
136 2642
136 2643
136 2644
137 596
137 597
137 598
137 599
137 600
137 601
137 602
137 603
137 604
137 605
137 606
137 607
137 608
137 609
137 610
137 2645
137 2646
137 2647
137 2648
137 2649
137 2650
137 2651
137 2652
137 2653
137 2654
137 2655
137 2656
137 2657
137 2658
137 2659
138 611
138 612
138 613
138 614
138 615
138 616
138 617
138 2660
138 2661
138 2662
138 2663
138 2664
138 2665
138 2666
138 2667
138 2668
138 2669
138 2670
139 618
139 619
139 620
139 621
139 622
139 623
139 624
139 625
139 626
139 627
139 628
139 629
139 630
139 631
139 632
139 2671
139 2672
139 2673
139 2674
139 2675
139 2676
139 2677
139 2678
139 2679
140 633
140 634
140 635
140 636
140 637
140 638
140 639
140 640
140 2680
140 2681
140 2682
140 2683
140 2684
140 2685
140 2686
140 2687
140 2688
140 2689
140 2690
141 641
141 642
141 643
141 644
141 645
141 646
141 647
141 648
141 649
141 2691
141 2692
141 2693
141 2694
141 2695
141 2696
141 2697
141 2698
141 2699
141 2700
141 2701
141 2702
141 2703
141 2704
141 2705
142 650
142 651
142 652
142 653
142 654
142 655
142 656
142 657
142 658
142 659
142 660
142 661
142 662
142 663
142 664
142 665
142 666
142 667
142 668
142 669
142 670
142 671
142 2706
142 2707
142 2708
142 2709
142 2710
142 2711
142 2712
142 2713
142 2714
142 2715
142 2716
142 2717
143 672
143 673
143 674
143 675
143 676
143 677
143 678
143 679
143 680
143 681
143 682
143 683
143 684
143 685
143 686
143 2718
143 2719
143 2720
143 2721
143 2722
143 2723
143 2724
143 2725
143 2726
143 2727
144 687
144 688
144 689
144 690
144 691
144 692
144 693
144 694
144 695
144 696
144 697
144 698
144 2728
144 2729
144 2730
144 2731
144 2732
144 2733
144 2734
144 2735
144 2736
144 2737
144 2738
144 2739
144 2740
144 2741
144 2742
145 699
145 700
145 701
145 702
145 703
145 704
145 705
145 706
145 707
145 708
145 709
145 710
145 711
145 2743
145 2744
145 2745
145 2746
145 2747
145 2748
145 2749
145 2750
145 2751
145 2752
145 2753
146 712
146 713
146 714
146 715
146 716
146 717
146 718
146 719
146 2754
146 2755
146 2756
146 2757
146 2758
146 2759
146 2760
146 2761
146 2762
146 2763
146 2764
147 720
147 721
147 722
147 723
147 724
147 725
147 726
147 727
147 2765
147 2766
147 2767
147 2768
147 2769
147 2770
147 2771
147 2772
147 2773
147 2774
147 2775
147 2776
147 2777
147 2778
147 2779
147 2780
147 2781
147 2782
147 2783
148 728
148 729
148 730
148 731
148 732
148 733
148 734
148 735
148 736
148 737
148 738
148 739
148 740
148 741
148 2784
148 2785
148 2786
148 2787
148 2788
148 2789
148 2790
148 2791
148 2792
148 2793
149 742
149 743
149 744
149 745
149 746
149 747
149 748
149 749
149 750
149 751
149 752
149 2794
149 2795
149 2796
149 2797
149 2798
149 2799
149 2800
149 2801
149 2802
149 2803
149 2804
149 2805
149 2806
150 753
150 754
150 755
150 756
150 757
150 758
150 759
150 760
150 761
150 762
150 763
150 764
150 765
150 2807
150 2808
150 2809
150 2810
150 2811
150 2812
150 2813
150 2814
150 2815
151 766
151 767
151 768
151 769
151 770
151 771
151 772
151 773
151 774
151 775
151 776
151 777
151 2816
151 2817
151 2818
151 2819
151 2820
151 2821
151 2822
151 2823
151 2824
151 2825
151 2826
151 2827
152 778
152 779
152 780
152 781
152 782
152 783
152 784
152 785
152 786
152 787
152 788
152 789
152 790
152 791
152 2828
152 2829
152 2830
152 2831
152 2832
152 2833
152 2834
152 2835
152 2836
152 2837
152 2838
152 2839
152 2840
152 2841
152 2842
153 792
153 793
153 794
153 795
153 796
153 797
153 798
153 799
153 800
153 2843
153 2844
153 2845
153 2846
153 2847
153 2848
153 2849
153 2850
153 2851
153 2852
153 2853
153 2854
153 2855
153 2856
153 2857
153 2858
154 801
154 802
154 803
154 804
154 805
154 806
154 807
154 808
154 809
154 810
154 811
154 812
154 2859
154 2860
154 2861
154 2862
154 2863
154 2864
154 2865
154 2866
154 2867
154 2868
155 813
155 814
155 815
155 816
155 817
155 818
155 819
155 820
155 821
155 822
155 823
155 824
155 825
155 826
155 827
155 2869
155 2870
155 2871
155 2872
155 2873
155 2874
155 2875
155 2876
155 2877
155 2878
156 828
156 829
156 830
156 831
156 832
156 833
156 834
156 835
156 836
156 837
156 838
156 839
156 840
156 841
156 842
156 2879
156 2880
156 2881
156 2882
156 2883
156 2884
156 2885
156 2886
156 2887
157 843
157 844
157 845
157 846
157 847
157 848
157 849
157 850
157 851
157 852
157 853
157 854
157 2888
157 2889
157 2890
157 2891
157 2892
157 2893
157 2894
157 2895
157 2896
157 2897
157 2898
157 2899
158 855
158 856
158 857
158 858
158 859
158 860
158 861
158 862
158 863
158 864
158 2900
158 2901
158 2902
158 2903
158 2904
158 2905
158 2906
158 2907
158 2908
158 2909
158 2910
158 2911
159 865
159 866
159 867
159 868
159 869
159 870
159 871
159 872
159 873
159 874
159 875
159 876
159 877
159 2912
159 2913
159 2914
159 2915
159 2916
159 2917
159 2918
159 2919
159 2920
159 2921
159 2922
159 2923
159 2924
159 2925
160 878
160 879
160 880
160 881
160 882
160 883
160 884
160 885
160 886
160 887
160 888
160 2926
160 2927
160 2928
160 2929
160 2930
160 2931
160 2932
161 889
161 890
161 891
161 892
161 893
161 894
161 895
161 896
161 897
161 898
161 899
161 2933
161 2934
161 2935
161 2936
161 2937
161 2938
161 2939
161 2940
161 2941
161 2942
161 2943
161 2944
161 2945
161 2946
162 900
162 901
162 902
162 903
162 904
162 905
162 906
162 907
162 908
162 909
162 910
162 911
162 912
162 913
162 914
162 915
162 916
162 2947
162 2948
162 2949
162 2950
162 2951
162 2952
162 2953
162 2954
162 2955
162 2956
163 917
163 918
163 919
163 920
163 921
163 922
163 923
163 924
163 925
163 926
163 2957
163 2958
163 2959
163 2960
163 2961
163 2962
163 2963
163 2964
163 2965
163 2966
163 2967
163 2968
164 927
164 928
164 929
164 930
164 931
164 932
164 933
164 934
164 935
164 2969
164 2970
164 2971
164 2972
164 2973
164 2974
164 2975
164 2976
164 2977
164 2978
165 936
165 937
165 938
165 939
165 940
165 941
165 942
165 943
165 944
165 945
165 946
165 2979
165 2980
165 2981
165 2982
165 2983
165 2984
165 2985
165 2986
165 2987
165 2988
166 947
166 948
166 949
166 950
166 951
166 952
166 953
166 954
166 955
166 956
166 957
166 958
166 2989
166 2990
166 2991
166 2992
166 2993
166 2994
166 2995
166 2996
166 2997
166 2998
166 2999
166 3000
167 959
167 960
167 961
167 962
167 963
167 964
167 965
167 966
167 967
167 968
167 969
167 970
167 971
167 972
167 3001
167 3002
167 3003
167 3004
167 3005
168 973
168 974
168 975
168 976
168 977
168 978
168 979
168 980
168 981
168 982
168 983
168 984
168 985
168 3006
168 3007
168 3008
168 3009
168 3010
168 3011
168 3012
168 3013
168 3014
168 3015
168 3016
168 3017
168 3018
169 986
169 987
169 988
169 989
169 990
169 991
169 992
169 993
169 994
169 995
169 996
169 997
169 998
169 999
169 3019
169 3020
169 3021
169 3022
169 3023
169 3024
169 3025
169 3026
169 3027
169 3028
169 3029
169 3030
169 3031
170 1000
170 1001
170 1002
170 1003
170 1004
170 1005
170 1006
170 1007
170 1008
170 1009
170 1010
170 1011
170 1012
170 3032
170 3033
170 3034
170 3035
170 3036
170 3037
170 3038
170 3039
170 3040
170 3041
170 3042
170 3043
170 3044
170 3045
171 1013
171 1014
171 1015
171 1016
171 1017
171 1018
171 1019
171 1020
171 1021
171 1022
171 1023
171 1024
171 1025
171 1026
171 1027
171 1028
171 3046
171 3047
171 3048
171 3049
171 3050
171 3051
171 3052
171 3053
171 3054
171 3055
171 3056
172 1029
172 1030
172 1031
172 1032
172 1033
172 1034
172 1035
172 1036
172 1037
172 1038
172 1039
172 1040
172 1041
172 1042
172 1043
172 1044
172 1045
172 1046
172 1047
172 1048
172 1049
172 1050
172 1051
172 1052
172 1053
172 1054
172 1055
172 1056
172 3057
172 3058
172 3059
172 3060
172 3061
172 3062
172 3063
172 3064
172 3065
172 3066
172 3067
172 3068
172 3069
172 3070
172 3071
172 3072
172 3073
172 3074
172 3075
172 3076
172 3077
172 3078
172 3079
172 3080
172 3081
172 3082
172 3083
172 3084
172 3085
173 1057
173 1058
173 1059
173 1060
173 1061
173 1062
173 1063
173 1064
173 1065
173 1066
173 1067
173 1068
173 1069
173 1070
173 1071
173 1072
173 1073
173 1074
173 1075
173 1076
173 1077
173 1078
173 1079
173 1080
173 1081
173 1082
173 1083
173 1084
173 1085
173 1086
173 1087
173 1088
173 1089
173 1090
173 1091
173 1092
173 1093
173 1094
173 1095
173 1096
173 1097
173 1098
173 1099
173 1100
173 1101
173 1102
173 1103
173 1104
173 3086
173 3087
173 3088
173 3089
173 3090
173 3091
173 3092
173 3093
173 3094
173 3095
173 3096
173 3097
173 3098
173 3099
173 3100
173 3101
173 3102
173 3103
173 3104
173 3105
173 3106
173 3107
173 3108
173 3109
173 3110
173 3111
173 3112
173 3113
173 3114
173 3115
173 3116
173 3117
174 1105
174 1106
174 1107
174 1108
174 1109
174 1110
174 1111
174 1112
174 1113
174 1114
174 1115
174 1116
174 1117
174 1118
174 1119
174 1120
174 1121
174 1122
174 1123
174 1124
174 1125
174 1126
174 1127
174 1128
174 1129
174 1130
174 1131
174 1132
174 1133
174 1134
174 1135
174 1136
174 3118
174 3119
174 3120
174 3121
174 3122
174 3123
174 3124
174 3125
174 3126
174 3127
174 3128
174 3129
174 3130
174 3131
174 3132
174 3133
174 3134
174 3135
174 3136
174 3137
174 3138
174 3139
174 3140
174 3141
175 1137
175 1138
175 1139
175 1140
175 1141
175 1142
175 1143
175 1144
175 1145
175 1146
175 1147
175 1148
175 1149
175 1150
175 1151
175 1152
175 1153
175 1154
175 1155
175 1156
175 1157
175 1158
175 1159
175 1160
175 1161
175 1162
175 1163
175 1164
175 1165
175 1166
175 1167
175 1168
175 1169
175 1170
175 1171
175 1172
175 3142
175 3143
175 3144
175 3145
175 3146
175 3147
175 3148
175 3149
175 3150
175 3151
175 3152
175 3153
175 3154
175 3155
175 3156
175 3157
175 3158
175 3159
175 3160
175 3161
175 3162
175 3163
175 3164
175 3165
175 3166
175 3167
175 3168
175 3169
175 3170
175 3171
175 3172
175 3173
175 3174
175 3175
175 3176
175 3177
175 3178
175 3179
175 3180
176 1173
176 1174
176 1175
176 1176
176 1177
176 1178
176 1179
176 1180
176 1181
176 1182
176 1183
176 1184
176 1185
176 1186
176 1187
176 1188
176 1189
176 1190
176 1191
176 1192
176 1193
176 1194
176 1195
176 1196
176 1197
176 1198
176 1199
176 3181
176 3182
176 3183
176 3184
176 3185
176 3186
176 3187
176 3188
176 3189
176 3190
176 3191
176 3192
176 3193
176 3194
176 3195
176 3196
176 3197
176 3198
176 3199
176 3200
176 3201
176 3202
176 3203
176 3204
176 3205
176 3206
176 3207
176 3208
176 3209
176 3210
176 3211
176 3212
176 3213
176 3214
177 1200
177 1201
177 1202
177 1203
177 1204
177 1205
177 1206
177 1207
177 1208
177 1209
177 1210
177 1211
177 1212
177 1213
177 1214
177 1215
177 1216
177 1217
177 1218
177 1219
177 1220
177 1221
177 1222
177 1223
177 3215
177 3216
177 3217
177 3218
177 3219
177 3220
177 3221
177 3222
177 3223
177 3224
177 3225
177 3226
177 3227
177 3228
177 3229
177 3230
177 3231
177 3232
177 3233
177 3234
177 3235
177 3236
177 3237
177 3238
177 3239
177 3240
177 3241
177 3242
177 3243
177 3244
177 3245
177 3246
177 3247
177 3248
177 3249
177 3250
177 3251
177 3252
177 3253
177 3254
178 1224
178 1225
178 1226
178 1227
178 1228
178 1229
178 1230
178 1231
178 1232
178 1233
178 1234
178 1235
178 1236
178 1237
178 1238
178 1239
178 1240
178 1241
178 1242
178 1243
178 1244
178 1245
178 1246
178 1247
178 1248
178 1249
178 1250
178 1251
178 1252
178 1253
178 1254
178 1255
178 1256
178 1257
178 1258
178 3255
178 3256
178 3257
178 3258
178 3259
178 3260
178 3261
178 3262
178 3263
178 3264
178 3265
178 3266
178 3267
178 3268
178 3269
178 3270
178 3271
178 3272
178 3273
178 3274
178 3275
178 3276
178 3277
178 3278
178 3279
178 3280
178 3281
178 3282
178 3283
178 3284
178 3285
179 1259
179 1260
179 1261
179 1262
179 1263
179 1264
179 1265
179 1266
179 1267
179 1268
179 1269
179 1270
179 1271
179 1272
179 1273
179 1274
179 1275
179 1276
179 1277
179 1278
179 1279
179 1280
179 1281
179 1282
179 1283
179 1284
179 1285
179 1286
179 1287
179 1288
179 1289
179 1290
179 3286
179 3287
179 3288
179 3289
179 3290
179 3291
179 3292
179 3293
179 3294
179 3295
179 3296
179 3297
179 3298
179 3299
179 3300
179 3301
179 3302
179 3303
179 3304
179 3305
179 3306
179 3307
179 3308
179 3309
179 3310
179 3311
179 3312
179 3313
179 3314
179 3315
179 3316
179 3317
179 3318
179 3319
179 3320
180 1291
180 1292
180 1293
180 1294
180 1295
180 1296
180 1297
180 1298
180 1299
180 1300
180 1301
180 1302
180 1303
180 1304
180 1305
180 1306
180 1307
180 1308
180 1309
180 1310
180 1311
180 1312
180 1313
180 1314
180 1315
180 1316
180 1317
180 3321
180 3322
180 3323
180 3324
180 3325
180 3326
180 3327
180 3328
180 3329
180 3330
180 3331
180 3332
180 3333
180 3334
180 3335
180 3336
180 3337
180 3338
180 3339
180 3340
180 3341
180 3342
180 3343
180 3344
180 3345
180 3346
180 3347
180 3348
180 3349
180 3350
180 3351
180 3352
180 3353
180 3354
180 3355
180 3356
180 3357
180 3358
181 1318
181 1319
181 1320
181 1321
181 1322
181 1323
181 1324
181 1325
181 1326
181 1327
181 1328
181 1329
181 1330
181 1331
181 1332
181 1333
181 1334
181 1335
181 1336
181 1337
181 1338
181 1339
181 1340
181 1341
181 1342
181 1343
181 3359
181 3360
181 3361
181 3362
181 3363
181 3364
181 3365
181 3366
181 3367
181 3368
181 3369
181 3370
181 3371
181 3372
181 3373
181 3374
181 3375
181 3376
181 3377
181 3378
181 3379
181 3380
181 3381
181 3382
181 3383
181 3384
181 3385
181 3386
181 3387
181 3388
181 3389
181 3390
181 3391
181 3392
181 3393
181 3394
181 3395
181 3396
182 1344
182 1345
182 1346
182 1347
182 1348
182 1349
182 1350
182 1351
182 1352
182 1353
182 1354
182 1355
182 1356
182 1357
182 1358
182 1359
182 1360
182 1361
182 1362
182 1363
182 1364
182 1365
182 1366
182 1367
182 1368
182 1369
182 1370
182 1371
182 1372
182 1373
182 1374
182 1375
182 1376
182 1377
182 1378
182 1379
182 1380
182 1381
182 1382
182 3397
182 3398
182 3399
182 3400
182 3401
182 3402
182 3403
182 3404
182 3405
182 3406
182 3407
182 3408
182 3409
182 3410
182 3411
182 3412
182 3413
182 3414
182 3415
182 3416
182 3417
182 3418
182 3419
182 3420
182 3421
182 3422
182 3423
182 3424
182 3425
182 3426
182 3427
182 3428
182 3429
182 3430
182 3431
182 3432
183 1383
183 1384
183 1385
183 1386
183 1387
183 1388
183 1389
183 1390
183 1391
183 1392
183 1393
183 1394
183 1395
183 1396
183 1397
183 1398
183 1399
183 1400
183 1401
183 1402
183 1403
183 1404
183 1405
183 1406
183 1407
183 1408
183 1409
183 1410
183 1411
183 1412
183 1413
183 1414
183 1415
183 1416
183 3433
183 3434
183 3435
183 3436
183 3437
183 3438
183 3439
183 3440
183 3441
183 3442
183 3443
183 3444
183 3445
183 3446
183 3447
183 3448
183 3449
183 3450
183 3451
183 3452
183 3453
183 3454
184 1417
184 1418
184 1419
184 1420
184 1421
184 1422
184 1423
184 1424
184 1425
184 1426
184 1427
184 1428
184 1429
184 1430
184 1431
184 1432
184 1433
184 1434
184 1435
184 1436
184 1437
184 1438
184 1439
184 1440
184 1441
184 1442
184 1443
184 1444
184 1445
184 1446
184 1447
184 3455
184 3456
184 3457
184 3458
184 3459
184 3460
184 3461
184 3462
184 3463
184 3464
184 3465
184 3466
184 3467
184 3468
184 3469
184 3470
184 3471
184 3472
184 3473
184 3474
184 3475
184 3476
184 3477
184 3478
184 3479
184 3480
184 3481
184 3482
184 3483
184 3484
184 3485
184 3486
184 3487
184 3488
184 3489
185 1448
185 1449
185 1450
185 1451
185 1452
185 1453
185 1454
185 1455
185 1456
185 1457
185 1458
185 1459
185 1460
185 1461
185 1462
185 1463
185 1464
185 1465
185 1466
185 1467
185 1468
185 1469
185 1470
185 1471
185 1472
185 1473
185 1474
185 3490
185 3491
185 3492
185 3493
185 3494
185 3495
185 3496
185 3497
185 3498
185 3499
185 3500
185 3501
185 3502
185 3503
185 3504
185 3505
185 3506
185 3507
185 3508
185 3509
185 3510
185 3511
185 3512
185 3513
185 3514
185 3515
185 3516
185 3517
185 3518
185 3519
185 3520
185 3521
185 3522
185 3523
185 3524
185 3525
185 3526
185 3527
186 1475
186 1476
186 1477
186 1478
186 1479
186 1480
186 1481
186 1482
186 1483
186 1484
186 1485
186 1486
186 1487
186 1488
186 1489
186 1490
186 1491
186 1492
186 1493
186 1494
186 1495
186 1496
186 1497
186 1498
186 1499
186 1500
186 1501
186 1502
186 1503
186 1504
186 1505
186 1506
186 1507
186 1508
186 3528
186 3529
186 3530
186 3531
186 3532
186 3533
186 3534
186 3535
186 3536
186 3537
186 3538
186 3539
186 3540
186 3541
186 3542
186 3543
186 3544
186 3545
186 3546
186 3547
186 3548
186 3549
186 3550
186 3551
186 3552
186 3553
186 3554
186 3555
186 3556
186 3557
186 3558
187 1509
187 1510
187 1511
187 1512
187 1513
187 1514
187 1515
187 1516
187 1517
187 1518
187 1519
187 1520
187 1521
187 1522
187 1523
187 1524
187 1525
187 1526
187 1527
187 1528
187 1529
187 1530
187 1531
187 1532
187 1533
187 1534
187 1535
187 1536
187 1537
187 1538
187 1539
187 1540
187 1541
187 1542
187 1543
187 1544
187 1545
187 3559
187 3560
187 3561
187 3562
187 3563
187 3564
187 3565
187 3566
187 3567
187 3568
187 3569
187 3570
187 3571
187 3572
187 3573
187 3574
187 3575
187 3576
187 3577
187 3578
187 3579
187 3580
187 3581
187 3582
187 3583
187 3584
187 3585
187 3586
187 3587
187 3588
188 1546
188 1547
188 1548
188 1549
188 1550
188 1551
188 1552
188 1553
188 1554
188 1555
188 1556
188 1557
188 1558
188 1559
188 1560
188 1561
188 1562
188 1563
188 1564
188 1565
188 1566
188 1567
188 1568
188 1569
188 1570
188 1571
188 1572
188 1573
188 1574
188 1575
188 3589
188 3590
188 3591
188 3592
188 3593
188 3594
188 3595
188 3596
188 3597
188 3598
188 3599
188 3600
188 3601
188 3602
188 3603
188 3604
188 3605
188 3606
188 3607
188 3608
188 3609
188 3610
188 3611
188 3612
188 3613
188 3614
188 3615
188 3616
188 3617
188 3618
188 3619
188 3620
188 3621
188 3622
188 3623
188 3624
189 1576
189 1577
189 1578
189 1579
189 1580
189 1581
189 1582
189 1583
189 1584
189 1585
189 1586
189 1587
189 1588
189 1589
189 1590
189 1591
189 1592
189 1593
189 1594
189 1595
189 1596
189 1597
189 1598
189 1599
189 1600
189 1601
189 1602
189 1603
189 1604
189 1605
189 1606
189 3625
189 3626
189 3627
189 3628
189 3629
189 3630
189 3631
189 3632
189 3633
189 3634
189 3635
189 3636
189 3637
189 3638
189 3639
189 3640
189 3641
189 3642
189 3643
189 3644
189 3645
189 3646
189 3647
189 3648
189 3649
189 3650
189 3651
189 3652
190 1607
190 1608
190 1609
190 1610
190 1611
190 1612
190 1613
190 1614
190 1615
190 1616
190 1617
190 1618
190 1619
190 1620
190 1621
190 1622
190 1623
190 1624
190 1625
190 1626
190 1627
190 1628
190 1629
190 1630
190 1631
190 1632
190 1633
190 1634
190 1635
190 1636
190 1637
190 1638
190 1639
190 1640
190 3653
190 3654
190 3655
190 3656
190 3657
190 3658
190 3659
190 3660
190 3661
190 3662
190 3663
190 3664
190 3665
190 3666
190 3667
190 3668
190 3669
190 3670
190 3671
190 3672
190 3673
190 3674
190 3675
190 3676
190 3677
190 3678
190 3679
190 3680
190 3681
190 3682
190 3683
190 3684
190 3685
190 3686
190 3687
191 1641
191 1642
191 1643
191 1644
191 1645
191 1646
191 1647
191 1648
191 1649
191 1650
191 1651
191 1652
191 1653
191 1654
191 1655
191 1656
191 1657
191 1658
191 1659
191 1660
191 1661
191 1662
191 1663
191 1664
191 1665
191 1666
191 1667
191 1668
191 1669
191 1670
191 1671
191 1672
191 1673
191 1674
191 1675
191 1676
191 1677
191 1678
191 1679
191 3688
191 3689
191 3690
191 3691
191 3692
191 3693
191 3694
191 3695
191 3696
191 3697
191 3698
191 3699
191 3700
191 3701
191 3702
191 3703
191 3704
191 3705
191 3706
191 3707
191 3708
191 3709
191 3710
191 3711
191 3712
191 3713
191 3714
191 3715
191 3716
191 3717
191 3718
191 3719
192 1680
192 1681
192 1682
192 1683
192 1684
192 1685
192 1686
192 1687
192 1688
192 1689
192 1690
192 1691
192 1692
192 1693
192 1694
192 1695
192 1696
192 1697
192 1698
192 1699
192 1700
192 1701
192 1702
192 1703
192 1704
192 1705
192 1706
192 1707
192 1708
192 1709
192 1710
192 1711
192 1712
192 1713
192 1714
192 1715
192 1716
192 1717
192 1718
192 3720
192 3721
192 3722
192 3723
192 3724
192 3725
192 3726
192 3727
192 3728
192 3729
192 3730
192 3731
192 3732
192 3733
192 3734
192 3735
192 3736
192 3737
192 3738
192 3739
192 3740
192 3741
192 3742
192 3743
192 3744
192 3745
192 3746
192 3747
192 3748
193 1719
193 1720
193 1721
193 1722
193 1723
193 1724
193 1725
193 1726
193 1727
193 1728
193 1729
193 1730
193 1731
193 1732
193 1733
193 1734
193 1735
193 1736
193 1737
193 1738
193 1739
193 1740
193 1741
193 1742
193 1743
193 1744
193 1745
193 1746
193 1747
193 3749
193 3750
193 3751
193 3752
193 3753
193 3754
193 3755
193 3756
193 3757
193 3758
193 3759
193 3760
193 3761
193 3762
193 3763
193 3764
193 3765
193 3766
193 3767
193 3768
193 3769
193 3770
193 3771
193 3772
193 3773
193 3774
193 3775
193 3776
193 3777
193 3778
193 3779
193 3780
193 3781
193 3782
194 1748
194 1749
194 1750
194 1751
194 1752
194 1753
194 1754
194 1755
194 1756
194 1757
194 1758
194 1759
194 1760
194 1761
194 1762
194 1763
194 1764
194 1765
194 1766
194 1767
194 1768
194 1769
194 1770
194 1771
194 1772
194 1773
194 1774
194 1775
194 1776
194 1777
194 3783
194 3784
194 3785
194 3786
194 3787
194 3788
194 3789
194 3790
194 3791
194 3792
194 3793
194 3794
194 3795
194 3796
194 3797
194 3798
194 3799
194 3800
194 3801
194 3802
194 3803
194 3804
194 3805
195 1778
195 1779
195 1780
195 1781
195 1782
195 1783
195 1784
195 1785
195 1786
195 1787
195 1788
195 1789
195 1790
195 1791
195 1792
195 1793
195 1794
195 1795
195 1796
195 1797
195 1798
195 1799
195 1800
195 1801
195 1802
195 1803
195 1804
195 1805
195 1806
195 1807
195 3806
195 3807
195 3808
195 3809
195 3810
195 3811
195 3812
195 3813
195 3814
195 3815
195 3816
195 3817
195 3818
195 3819
195 3820
195 3821
195 3822
195 3823
195 3824
195 3825
195 3826
195 3827
195 3828
195 3829
195 3830
195 3831
195 3832
195 3833
195 3834
195 3835
195 3836
195 3837
195 3838
195 3839
195 3840
196 1808
196 1809
196 1810
196 1811
196 1812
196 1813
196 1814
196 1815
196 1816
196 1817
196 1818
196 1819
196 1820
196 1821
196 1822
196 1823
196 1824
196 1825
196 1826
196 1827
196 1828
196 1829
196 1830
196 1831
196 1832
196 1833
196 1834
196 1835
196 3841
196 3842
196 3843
196 3844
196 3845
196 3846
196 3847
196 3848
196 3849
196 3850
196 3851
196 3852
196 3853
196 3854
196 3855
196 3856
196 3857
196 3858
196 3859
196 3860
196 3861
196 3862
196 3863
196 3864
196 3865
196 3866
196 3867
196 3868
196 3869
197 1836
197 1837
197 1838
197 1839
197 1840
197 1841
197 1842
197 1843
197 1844
197 1845
197 1846
197 1847
197 1848
197 1849
197 1850
197 1851
197 1852
197 1853
197 1854
197 1855
197 1856
197 1857
197 1858
197 1859
197 1860
197 1861
197 1862
197 1863
197 1864
197 1865
197 1866
197 1867
197 1868
197 1869
197 3870
197 3871
197 3872
197 3873
197 3874
197 3875
197 3876
197 3877
197 3878
197 3879
197 3880
197 3881
197 3882
197 3883
197 3884
197 3885
197 3886
197 3887
197 3888
197 3889
197 3890
197 3891
197 3892
197 3893
197 3894
197 3895
197 3896
197 3897
197 3898
198 1870
198 1871
198 1872
198 1873
198 1874
198 1875
198 1876
198 1877
198 1878
198 1879
198 1880
198 1881
198 1882
198 1883
198 1884
198 1885
198 1886
198 1887
198 1888
198 1889
198 1890
198 1891
198 1892
198 1893
198 1894
198 1895
198 1896
198 1897
198 1898
198 1899
198 1900
198 1901
198 1902
198 1903
198 1904
198 1905
198 3899
198 3900
198 3901
198 3902
198 3903
198 3904
198 3905
198 3906
198 3907
198 3908
198 3909
198 3910
198 3911
198 3912
198 3913
198 3914
198 3915
198 3916
198 3917
198 3918
198 3919
198 3920
198 3921
198 3922
198 3923
198 3924
198 3925
198 3926
199 1906
199 1907
199 1908
199 1909
199 1910
199 1911
199 1912
199 1913
199 1914
199 1915
199 1916
199 1917
199 1918
199 1919
199 1920
199 1921
199 1922
199 1923
199 1924
199 1925
199 1926
199 1927
199 1928
199 1929
199 1930
199 1931
199 1932
199 1933
199 1934
199 1935
199 1936
199 1937
199 1938
199 3927
199 3928
199 3929
199 3930
199 3931
199 3932
199 3933
199 3934
199 3935
199 3936
199 3937
199 3938
199 3939
199 3940
199 3941
199 3942
199 3943
199 3944
199 3945
199 3946
199 3947
199 3948
199 3949
199 3950
199 3951
199 3952
199 3953
199 3954
199 3955
199 3956
199 3957
199 3958
199 3959
199 3960
199 3961
199 3962
199 3963
199 3964
199 3965
199 3966
199 3967
199 3968
199 3969
200 1939
200 1940
200 1941
200 1942
200 1943
200 1944
200 1945
200 1946
200 1947
200 1948
200 1949
200 1950
200 1951
200 1952
200 1953
200 1954
200 1955
200 1956
200 1957
200 1958
200 1959
200 1960
200 1961
200 1962
200 1963
200 1964
200 1965
200 1966
200 1967
200 1968
200 1969
200 1970
200 1971
200 1972
200 1973
200 1974
200 1975
200 1976
200 1977
200 1978
200 1979
200 1980
200 1981
200 1982
200 1983
200 1984
200 1985
200 1986
200 1987
200 1988
200 1989
200 1990
200 1991
200 1992
200 1993
200 1994
200 1995
200 1996
200 1997
200 1998
200 1999
200 2000
200 3970
200 3971
200 3972
200 3973
200 3974
200 3975
200 3976
200 3977
200 3978
200 3979
200 3980
200 3981
200 3982
200 3983
200 3984
200 3985
200 3986
200 3987
200 3988
200 3989
200 3990
200 3991
200 3992
200 3993
200 3994
200 3995
200 3996
200 3997
200 3998
200 3999
200 4000
