20000101 3.99
20000102 3.99
20000103 5.43
20000104 5.38
20000105 5.41
20000106 5.54
20000107 5.61
20000108 5.61
20000109 5.61
20000110 5.74
20000111 5.63
20000112 5.59
20000113 5.58
20000114 5.56
20000115 5.56
20000116 5.56
20000117 5.56
20000118 5.83
20000119 5.47
20000120 5.44
20000121 5.36
20000122 5.36
20000123 5.36
20000124 5.53
20000125 5.46
20000126 5.52
20000127 5.61
20000128 5.58
20000129 5.58
20000130 5.58
20000131 5.87
20000201 5.79
20000202 5.64
20000203 5.71
20000204 5.70
20000205 5.70
20000206 5.70
20000207 5.76
20000208 5.67
20000209 5.76
20000210 5.79
20000211 5.71
20000212 5.71
20000213 5.71
20000214 5.79
20000215 5.85
20000216 5.67
20000217 5.66
20000218 5.70
20000219 5.70
20000220 5.70
20000221 5.70
20000222 5.81
20000223 5.77
20000224 5.76
20000225 5.73
20000226 5.73
20000227 5.73
20000228 5.81
20000229 5.85
20000301 5.78
20000302 5.76
20000303 5.72
20000304 5.72
20000305 5.72
20000306 5.73
20000307 5.68
20000308 5.77
20000309 5.79
20000310 5.75
20000311 5.75
20000312 5.75
20000313 5.81
20000314 5.80
20000315 5.90
20000316 5.77
20000317 5.76
20000318 5.76
20000319 5.76
20000320 5.82
20000321 5.81
20000322 6.02
20000323 6.04
20000324 5.98
20000325 5.98
20000326 5.98
20000327 6.07
20000328 6.02
20000329 5.98
20000330 6.11
20000331 6.17
20000401 6.17
20000402 6.17
20000403 6.15
20000404 5.98
20000405 6.08
20000406 6.05
20000407 5.95
20000408 5.95
20000409 5.95
20000410 6.05
20000411 5.97
20000412 5.93
20000413 5.97
20000414 6.08
20000415 6.08
20000416 6.08
20000417 6.18
20000418 5.93
20000419 5.93
20000420 6.05
20000421 5.94
20000422 5.94
20000423 5.94
20000424 5.90
20000425 5.99
20000426 6.00
20000427 6.00
20000428 6.06
20000429 6.06
20000430 6.06
20000501 6.17
20000502 6.05
20000503 6.05
20000504 6.05
20000505 5.94
20000506 5.94
20000507 5.94
20000508 6.01
20000509 5.92
20000510 5.95
20000511 6.05
20000512 6.11
20000513 6.11
20000514 6.11
20000515 6.34
20000516 6.13
20000517 6.25
20000518 6.49
20000519 6.51
20000520 6.51
20000521 6.51
20000522 6.52
20000523 6.47
20000524 6.48
20000525 6.56
20000526 6.40
20000527 6.40
20000528 6.40
20000529 6.40
20000530 6.71
20000531 6.83
20000601 6.65
20000602 6.44
20000603 6.44
20000604 6.44
20000605 6.51
20000606 6.47
20000607 6.50
20000608 6.54
20000609 6.47
20000610 6.47
20000611 6.47
20000612 6.54
20000613 6.46
20000614 6.54
20000615 6.70
20000616 6.46
20000617 6.46
20000618 6.46
20000619 6.51
20000620 6.49
20000621 6.47
20000622 6.52
20000623 6.51
20000624 6.51
20000625 6.51
20000626 6.63
20000627 6.56
20000628 6.50
20000629 6.76
20000630 6.86
20000701 6.86
20000702 6.86
20000703 7.03
20000704 7.03
20000705 6.52
20000706 6.51
20000707 6.42
20000708 6.42
20000709 6.42
20000710 6.51
20000711 6.39
20000712 6.38
20000713 6.50
20000714 6.51
20000715 6.51
20000716 6.51
20000717 6.58
20000718 6.47
20000719 6.45
20000720 6.52
20000721 6.51
20000722 6.51
20000723 6.51
20000724 6.52
20000725 6.46
20000726 6.49
20000727 6.52
20000728 6.44
20000729 6.44
20000730 6.44
20000731 6.64
20000801 6.51
20000802 6.42
20000803 6.45
20000804 6.44
20000805 6.44
20000806 6.44
20000807 6.46
20000808 6.44
20000809 6.48
20000810 6.52
20000811 6.50
20000812 6.50
20000813 6.50
20000814 6.58
20000815 6.63
20000816 6.48
20000817 6.47
20000818 6.44
20000819 6.44
20000820 6.44
20000821 6.48
20000822 6.42
20000823 6.50
20000824 6.56
20000825 6.54
20000826 6.54
20000827 6.54
20000828 6.57
20000829 6.51
20000830 6.51
20000831 6.65
20000901 6.52
20000902 6.52
20000903 6.52
20000904 6.52
20000905 6.61
20000906 6.56
20000907 6.53
20000908 6.50
20000909 6.50
20000910 6.50
20000911 6.50
20000912 6.47
20000913 6.47
20000914 6.50
20000915 6.55
20000916 6.55
20000917 6.55
20000918 6.44
20000919 6.40
20000920 6.50
20000921 6.53
20000922 6.48
20000923 6.48
20000924 6.48
20000925 6.54
20000926 6.50
20000927 6.50
20000928 6.59
20000929 6.60
20000930 6.60
20001001 6.60
20001002 6.68
20001003 6.46
20001004 6.51
20001005 6.54
20001006 6.43
20001007 6.43
20001008 6.43
20001009 6.43
20001010 6.57
20001011 6.46
20001012 6.47
20001013 6.46
20001014 6.46
20001015 6.46
20001016 6.59
20001017 6.45
20001018 6.53
20001019 6.54
20001020 6.50
20001021 6.50
20001022 6.50
20001023 6.53
20001024 6.49
20001025 6.53
20001026 6.53
20001027 6.51
20001028 6.51
20001029 6.51
20001030 6.59
20001031 6.59
20001101 6.61
20001102 6.54
20001103 6.48
20001104 6.48
20001105 6.48
20001106 6.49
20001107 6.48
20001108 6.51
20001109 6.52
20001110 6.48
20001111 6.48
20001112 6.48
20001113 6.55
20001114 6.52
20001115 6.61
20001116 6.55
20001117 6.48
20001118 6.48
20001119 6.48
20001120 6.52
20001121 6.50
20001122 6.58
20001123 6.58
20001124 6.49
20001125 6.49
20001126 6.49
20001127 6.50
20001128 6.46
20001129 6.50
20001130 6.62
20001201 6.60
20001202 6.60
20001203 6.60
20001204 6.57
20001205 6.51
20001206 6.48
20001207 6.49
20001208 6.47
20001209 6.47
20001210 6.47
20001211 6.49
20001212 6.43
20001213 6.47
20001214 6.53
20001215 6.58
20001216 6.58
20001217 6.58
20001218 6.50
20001219 6.47
20001220 6.47
20001221 6.48
20001222 6.44
20001223 6.44
20001224 6.44
20001225 6.44
20001226 6.58
20001227 6.53
20001228 6.53
20001229 5.41
20001230 5.41
20001231 5.41
20010101 5.41
20010102 6.67
20010103 6.35
20010104 5.92
20010105 5.83
20010106 5.83
20010107 5.83
20010108 5.98
20010109 5.95
20010110 6.06
20010111 6.05
20010112 5.98
20010113 5.98
20010114 5.98
20010115 5.98
20010116 6.20
20010117 5.94
20010118 5.93
20010119 5.92
20010120 5.92
20010121 5.92
20010122 6.00
20010123 5.97
20010124 6.05
20010125 6.10
20010126 5.96
20010127 5.96
20010128 5.96
20010129 5.98
20010130 5.90
20010131 5.74
20010201 5.57
20010202 5.50
20010203 5.50
20010204 5.50
20010205 5.52
20010206 5.48
20010207 5.50
20010208 5.50
20010209 5.44
20010210 5.44
20010211 5.44
20010212 5.48
20010213 5.46
20010214 5.50
20010215 5.57
20010216 5.46
20010217 5.46
20010218 5.46
20010219 5.46
20010220 5.57
20010221 5.50
20010222 5.52
20010223 5.46
20010224 5.46
20010225 5.46
20010226 5.55
20010227 5.49
20010228 5.59
20010301 5.59
20010302 5.52
20010303 5.52
20010304 5.52
20010305 5.52
20010306 5.39
20010307 5.34
20010308 5.46
20010309 5.42
20010310 5.42
20010311 5.42
20010312 5.50
20010313 5.50
20010314 5.48
20010315 5.52
20010316 5.40
20010317 5.40
20010318 5.40
20010319 5.38
20010320 5.14
20010321 5.05
20010322 5.04
20010323 4.94
20010324 4.94
20010325 4.94
20010326 5.03
20010327 5.04
20010328 5.05
20010329 5.19
20010330 5.29
20010331 5.29
20010401 5.29
20010402 5.30
20010403 5.10
20010404 5.01
20010405 5.04
20010406 4.94
20010407 4.94
20010408 4.94
20010409 4.98
20010410 4.96
20010411 4.95
20010412 5.02
20010413 5.01
20010414 5.01
20010415 5.01
20010416 5.17
20010417 4.99
20010418 4.67
20010419 4.47
20010420 4.38
20010421 4.38
20010422 4.38
20010423 4.40
20010424 4.41
20010425 4.54
20010426 4.57
20010427 4.51
20010428 4.51
20010429 4.51
20010430 4.67
20010501 4.61
20010502 4.35
20010503 4.48
20010504 4.41
20010505 4.41
20010506 4.41
20010507 4.47
20010508 4.41
20010509 4.43
20010510 4.51
20010511 4.47
20010512 4.47
20010513 4.47
20010514 4.43
20010515 4.22
20010516 4.04
20010517 4.04
20010518 3.95
20010519 3.95
20010520 3.95
20010521 4.02
20010522 3.99
20010523 3.97
20010524 3.98
20010525 3.94
20010526 3.94
20010527 3.94
20010528 3.94
20010529 4.09
20010530 4.05
20010531 4.24
20010601 4.14
20010602 4.14
20010603 4.14
20010604 4.03
20010605 3.93
20010606 3.91
20010607 3.92
20010608 4.02
20010609 4.02
20010610 4.02
20010611 4.03
20010612 3.98
20010613 4.04
20010614 4.03
20010615 3.94
20010616 3.94
20010617 3.94
20010618 3.91
20010619 3.91
20010620 3.98
20010621 4.02
20010622 3.98
20010623 3.98
20010624 3.98
20010625 3.97
20010626 3.75
20010627 3.68
20010628 3.86
20010629 3.95
20010630 3.95
20010701 3.95
20010702 4.11
20010703 3.69
20010704 3.69
20010705 3.72
20010706 3.60
20010707 3.60
20010708 3.60
20010709 3.67
20010710 3.71
20010711 3.78
20010712 3.78
20010713 3.75
20010714 3.75
20010715 3.75
20010716 3.82
20010717 3.71
20010718 3.73
20010719 3.77
20010720 3.80
20010721 3.80
20010722 3.80
20010723 3.82
20010724 3.82
20010725 3.89
20010726 3.87
20010727 3.75
20010728 3.75
20010729 3.75
20010730 3.79
20010731 3.82
20010801 3.79
20010802 3.68
20010803 3.69
20010804 3.69
20010805 3.69
20010806 3.73
20010807 3.69
20010808 3.75
20010809 3.77
20010810 3.70
20010811 3.70
20010812 3.70
20010813 3.79
20010814 3.76
20010815 3.83
20010816 3.75
20010817 3.66
20010818 3.66
20010819 3.66
20010820 3.64
20010821 3.53
20010822 3.51
20010823 3.55
20010824 3.51
20010825 3.51
20010826 3.51
20010827 3.54
20010828 3.50
20010829 3.50
20010830 3.58
20010831 3.66
20010901 3.66
20010902 3.66
20010903 3.66
20010904 3.67
20010905 3.49
20010906 3.52
20010907 3.44
20010908 3.44
20010909 3.44
20010910 3.50
20010911 3.50
20010912 3.56
20010913 3.31
20010914 3.13
20010915 3.13
20010916 3.13
20010917 2.13
20010918 1.25
20010919 1.19
20010920 2.22
20010921 3.11
20010922 3.11
20010923 3.11
20010924 3.31
20010925 3.11
20010926 2.96
20010927 3.08
20010928 2.75
20010929 2.75
20010930 2.75
20011001 3.02
20011002 2.35
20011003 2.27
20011004 2.45
20011005 2.42
20011006 2.42
20011007 2.42
20011008 2.42
20011009 2.50
20011010 2.42
20011011 2.42
20011012 2.39
20011013 2.39
20011014 2.39
20011015 2.51
20011016 2.47
20011017 2.51
20011018 2.50
20011019 2.47
20011020 2.47
20011021 2.47
20011022 2.52
20011023 2.48
20011024 2.53
20011025 2.54
20011026 2.51
20011027 2.51
20011028 2.51
20011029 2.55
20011030 2.55
20011031 2.66
20011101 2.61
20011102 2.43
20011103 2.43
20011104 2.43
20011105 2.45
20011106 2.13
20011107 2.04
20011108 2.03
20011109 1.98
20011110 1.98
20011111 1.98
20011112 1.98
20011113 2.10
20011114 2.16
20011115 2.22
20011116 1.98
20011117 1.98
20011118 1.98
20011119 2.01
20011120 1.97
20011121 1.93
20011122 1.93
20011123 1.88
20011124 1.88
20011125 1.88
20011126 2.04
20011127 2.01
20011128 2.04
20011129 2.09
20011130 2.06
20011201 2.06
20011202 2.06
20011203 2.05
20011204 1.93
20011205 1.89
20011206 1.87
20011207 1.92
20011208 1.92
20011209 1.92
20011210 1.90
20011211 1.80
20011212 1.81
20011213 1.86
20011214 1.88
20011215 1.88
20011216 1.88
20011217 1.93
20011218 1.71
20011219 1.71
20011220 1.79
20011221 1.78
20011222 1.78
20011223 1.78
20011224 1.68
20011225 1.68
20011226 1.89
20011227 1.85
20011228 1.54
20011229 1.54
20011230 1.54
20011231 1.52
20020101 1.52
20020102 1.92
20020103 1.72
20020104 1.61
20020105 1.61
20020106 1.61
20020107 1.61
20020108 1.61
20020109 1.74
20020110 1.81
20020111 1.71
20020112 1.71
20020113 1.71
20020114 1.78
20020115 1.75
20020116 1.69
20020117 1.68
20020118 1.71
20020119 1.71
20020120 1.71
20020121 1.71
20020122 1.84
20020123 1.81
20020124 1.80
20020125 1.78
20020126 1.78
20020127 1.78
20020128 1.79
20020129 1.78
20020130 1.78
20020131 1.85
20020201 1.77
20020202 1.77
20020203 1.77
20020204 1.74
20020205 1.64
20020206 1.66
20020207 1.74
20020208 1.69
20020209 1.69
20020210 1.69
20020211 1.76
20020212 1.72
20020213 1.75
20020214 1.81
20020215 1.73
20020216 1.73
20020217 1.73
20020218 1.73
20020219 1.77
20020220 1.76
20020221 1.77
20020222 1.71
20020223 1.71
20020224 1.71
20020225 1.80
20020226 1.77
20020227 1.76
20020228 1.83
20020301 1.78
20020302 1.78
20020303 1.78
20020304 1.68
20020305 1.63
20020306 1.71
20020307 1.77
20020308 1.69
20020309 1.69
20020310 1.69
20020311 1.75
20020312 1.68
20020313 1.73
20020314 1.79
20020315 1.80
20020316 1.80
20020317 1.80
20020318 1.71
20020319 1.67
20020320 1.78
20020321 1.74
20020322 1.68
20020323 1.68
20020324 1.68
20020325 1.75
20020326 1.71
20020327 1.69
20020328 1.77
20020329 1.74
20020330 1.74
20020331 1.74
20020401 1.88
20020402 1.74
20020403 1.81
20020404 1.74
20020405 1.70
20020406 1.70
20020407 1.70
20020408 1.72
20020409 1.68
20020410 1.73
20020411 1.83
20020412 1.79
20020413 1.79
20020414 1.79
20020415 1.84
20020416 1.68
20020417 1.73
20020418 1.71
20020419 1.67
20020420 1.67
20020421 1.67
20020422 1.73
20020423 1.71
20020424 1.76
20020425 1.82
20020426 1.79
20020427 1.79
20020428 1.79
20020429 1.81
20020430 1.82
20020501 1.88
20020502 1.79
20020503 1.73
20020504 1.73
20020505 1.73
20020506 1.75
20020507 1.72
20020508 1.71
20020509 1.74
20020510 1.74
20020511 1.74
20020512 1.74
20020513 1.75
20020514 1.69
20020515 1.84
20020516 1.76
20020517 1.70
20020518 1.70
20020519 1.70
20020520 1.72
20020521 1.68
20020522 1.73
20020523 1.76
20020524 1.75
20020525 1.75
20020526 1.75
20020527 1.75
20020528 1.88
20020529 1.79
20020530 1.80
20020531 1.79
20020601 1.79
20020602 1.79
20020603 1.83
20020604 1.73
20020605 1.70
20020606 1.75
20020607 1.73
20020608 1.73
20020609 1.73
20020610 1.76
20020611 1.72
20020612 1.75
20020613 1.76
20020614 1.75
20020615 1.75
20020616 1.75
20020617 1.82
20020618 1.71
20020619 1.69
20020620 1.75
20020621 1.74
20020622 1.74
20020623 1.74
20020624 1.77
20020625 1.75
20020626 1.78
20020627 1.81
20020628 1.73
20020629 1.73
20020630 1.73
20020701 1.83
20020702 1.72
20020703 1.71
20020704 1.71
20020705 1.72
20020706 1.72
20020707 1.72
20020708 1.75
20020709 1.72
20020710 1.74
20020711 1.76
20020712 1.71
20020713 1.71
20020714 1.71
20020715 1.83
20020716 1.72
20020717 1.71
20020718 1.74
20020719 1.72
20020720 1.72
20020721 1.72
20020722 1.77
20020723 1.73
20020724 1.67
20020725 1.75
20020726 1.69
20020727 1.69
20020728 1.69
20020729 1.75
20020730 1.71
20020731 1.76
20020801 1.79
20020802 1.72
20020803 1.72
20020804 1.72
20020805 1.77
20020806 1.74
20020807 1.71
20020808 1.71
20020809 1.68
20020810 1.68
20020811 1.68
20020812 1.76
20020813 1.74
20020814 1.78
20020815 1.87
20020816 1.70
20020817 1.70
20020818 1.70
20020819 1.72
20020820 1.70
20020821 1.72
20020822 1.73
20020823 1.72
20020824 1.72
20020825 1.72
20020826 1.81
20020827 1.79
20020828 1.80
20020829 1.82
20020830 1.81
20020831 1.81
20020901 1.81
20020902 1.81
20020903 1.87
20020904 1.74
20020905 1.75
20020906 1.71
20020907 1.71
20020908 1.71
20020909 1.76
20020910 1.74
20020911 1.72
20020912 1.74
20020913 1.72
20020914 1.72
20020915 1.72
20020916 1.83
20020917 1.72
20020918 1.68
20020919 1.69
20020920 1.70
20020921 1.70
20020922 1.70
20020923 1.74
20020924 1.75
20020925 1.79
20020926 1.80
20020927 1.78
20020928 1.78
20020929 1.78
20020930 1.85
20021001 1.85
20021002 1.75
20021003 1.76
20021004 1.72
20021005 1.72
20021006 1.72
20021007 1.74
20021008 1.72
20021009 1.73
20021010 1.75
20021011 1.73
20021012 1.73
20021013 1.73
20021014 1.73
20021015 1.88
20021016 1.73
20021017 1.74
20021018 1.71
20021019 1.71
20021020 1.71
20021021 1.73
20021022 1.71
20021023 1.76
20021024 1.80
20021025 1.82
20021026 1.82
20021027 1.82
20021028 1.79
20021029 1.75
20021030 1.72
20021031 1.82
20021101 1.74
20021102 1.74
20021103 1.74
20021104 1.71
20021105 1.64
20021106 1.48
20021107 1.27
20021108 1.18
20021109 1.18
20021110 1.18
20021111 1.18
20021112 1.29
20021113 1.17
20021114 1.29
20021115 1.35
20021116 1.35
20021117 1.35
20021118 1.21
20021119 1.20
20021120 1.23
20021121 1.27
20021122 1.25
20021123 1.25
20021124 1.25
20021125 1.32
20021126 1.26
20021127 1.27
20021128 1.27
20021129 1.23
20021130 1.23
20021201 1.23
20021202 1.27
20021203 1.24
20021204 1.23
20021205 1.24
20021206 1.21
20021207 1.21
20021208 1.21
20021209 1.22
20021210 1.22
20021211 1.29
20021212 1.29
20021213 1.25
20021214 1.25
20021215 1.25
20021216 1.36
20021217 1.26
20021218 1.25
20021219 1.28
20021220 1.26
20021221 1.26
20021222 1.26
20021223 1.28
20021224 1.15
20021225 1.15
20021226 1.28
20021227 1.20
20021228 1.20
20021229 1.20
20021230 1.23
20021231 1.16
20030101 1.16
20030102 1.30
20030103 1.12
20030104 1.12
20030105 1.12
20030106 1.22
20030107 1.20
20030108 1.29
20030109 1.29
20030110 1.25
20030111 1.25
20030112 1.25
20030113 1.26
20030114 1.24
20030115 1.30
20030116 1.24
20030117 1.20
20030118 1.20
20030119 1.20
20030120 1.20
20030121 1.31
20030122 1.26
20030123 1.27
20030124 1.21
20030125 1.21
20030126 1.21
20030127 1.30
20030128 1.23
20030129 1.26
20030130 1.29
20030131 1.33
20030201 1.33
20030202 1.33
20030203 1.30
20030204 1.21
20030205 1.21
20030206 1.23
20030207 1.21
20030208 1.21
20030209 1.21
20030210 1.25
20030211 1.22
20030212 1.23
20030213 1.28
20030214 1.30
20030215 1.30
20030216 1.30
20030217 1.30
20030218 1.35
20030219 1.24
20030220 1.25
20030221 1.21
20030222 1.21
20030223 1.21
20030224 1.25
20030225 1.28
20030226 1.28
20030227 1.31
20030228 1.33
20030301 1.33
20030302 1.33
20030303 1.33
20030304 1.20
20030305 1.22
20030306 1.23
20030307 1.20
20030308 1.20
20030309 1.20
20030310 1.23
20030311 1.21
20030312 1.23
20030313 1.31
20030314 1.30
20030315 1.30
20030316 1.30
20030317 1.31
20030318 1.20
20030319 1.20
20030320 1.23
20030321 1.20
20030322 1.20
20030323 1.20
20030324 1.23
20030325 1.24
20030326 1.26
20030327 1.29
20030328 1.26
20030329 1.26
20030330 1.26
20030331 1.38
20030401 1.29
20030402 1.19
20030403 1.24
20030404 1.22
20030405 1.22
20030406 1.22
20030407 1.25
20030408 1.22
20030409 1.24
20030410 1.27
20030411 1.24
20030412 1.24
20030413 1.24
20030414 1.32
20030415 1.34
20030416 1.26
20030417 1.28
20030418 1.24
20030419 1.24
20030420 1.24
20030421 1.29
20030422 1.26
20030423 1.24
20030424 1.24
20030425 1.28
20030426 1.28
20030427 1.28
20030428 1.29
20030429 1.27
20030430 1.31
20030501 1.30
20030502 1.24
20030503 1.24
20030504 1.24
20030505 1.27
20030506 1.28
20030507 1.28
20030508 1.27
20030509 1.24
20030510 1.24
20030511 1.24
20030512 1.25
20030513 1.23
20030514 1.30
20030515 1.36
20030516 1.26
20030517 1.26
20030518 1.26
20030519 1.26
20030520 1.23
20030521 1.23
20030522 1.25
20030523 1.21
20030524 1.21
20030525 1.21
20030526 1.21
20030527 1.32
20030528 1.29
20030529 1.29
20030530 1.28
20030531 1.28
20030601 1.28
20030602 1.27
20030603 1.21
20030604 1.22
20030605 1.26
20030606 1.24
20030607 1.24
20030608 1.24
20030609 1.25
20030610 1.22
20030611 1.25
20030612 1.25
20030613 1.24
20030614 1.24
20030615 1.24
20030616 1.33
20030617 1.24
20030618 1.22
20030619 1.22
20030620 1.23
20030621 1.23
20030622 1.23
20030623 1.21
20030624 1.15
20030625 1.18
20030626 1.10
20030627 1.08
20030628 1.08
20030629 1.08
20030630 1.45
20030701 1.11
20030702 1.01
20030703 0.96
20030704 0.96
20030705 0.96
20030706 0.96
20030707 1.00
20030708 0.93
20030709 0.96
20030710 1.00
20030711 0.98
20030712 0.98
20030713 0.98
20030714 1.07
20030715 1.13
20030716 1.01
20030717 1.02
20030718 0.99
20030719 0.99
20030720 0.99
20030721 1.02
20030722 1.00
20030723 1.05
20030724 1.04
20030725 1.03
20030726 1.03
20030727 1.03
20030728 1.05
20030729 1.04
20030730 1.03
20030731 1.04
20030801 1.00
20030802 1.00
20030803 1.00
20030804 1.00
20030805 0.86
20030806 0.88
20030807 0.95
20030808 0.96
20030809 0.96
20030810 0.96
20030811 1.02
20030812 0.99
20030813 1.01
20030814 1.22
20030815 1.39
20030816 1.39
20030817 1.39
20030818 1.03
20030819 0.93
20030820 0.89
20030821 1.01
20030822 0.99
20030823 0.99
20030824 0.99
20030825 1.04
20030826 1.00
20030827 0.98
20030828 1.04
20030829 1.01
20030830 1.01
20030831 1.01
20030901 1.01
20030902 1.06
20030903 0.96
20030904 0.98
20030905 0.96
20030906 0.96
20030907 0.96
20030908 0.99
20030909 0.95
20030910 0.95
20030911 1.00
20030912 1.02
20030913 1.02
20030914 1.02
20030915 1.11
20030916 0.97
20030917 0.97
20030918 1.00
20030919 0.99
20030920 0.99
20030921 0.99
20030922 1.02
20030923 1.01
20030924 1.03
20030925 1.08
20030926 1.03
20030927 1.03
20030928 1.03
20030929 1.04
20030930 1.17
20031001 1.11
20031002 1.02
20031003 0.99
20031004 0.99
20031005 0.99
20031006 0.99
20031007 0.98
20031008 0.99
20031009 1.02
20031010 1.00
20031011 1.00
20031012 1.00
20031013 1.00
20031014 1.08
20031015 1.09
20031016 1.04
20031017 0.98
20031018 0.98
20031019 0.98
20031020 1.02
20031021 0.99
20031022 0.99
20031023 1.02
20031024 1.01
20031025 1.01
20031026 1.01
20031027 1.03
20031028 0.98
20031029 0.97
20031030 1.02
20031031 1.03
20031101 1.03
20031102 1.03
20031103 1.02
20031104 0.98
20031105 0.98
20031106 1.00
20031107 0.98
20031108 0.98
20031109 0.98
20031110 0.99
20031111 0.99
20031112 1.00
20031113 0.99
20031114 0.98
20031115 0.98
20031116 0.98
20031117 1.04
20031118 0.98
20031119 0.98
20031120 1.00
20031121 0.98
20031122 0.98
20031123 0.98
20031124 0.98
20031125 1.02
20031126 1.01
20031127 1.01
20031128 1.01
20031129 1.01
20031130 1.01
20031201 1.03
20031202 0.97
20031203 0.98
20031204 0.99
20031205 0.98
20031206 0.98
20031207 0.98
20031208 0.99
20031209 0.97
20031210 0.99
20031211 0.99
20031212 0.99
20031213 0.99
20031214 0.99
20031215 1.04
20031216 0.99
20031217 0.99
20031218 1.01
20031219 0.98
20031220 0.98
20031221 0.98
20031222 1.02
20031223 1.00
20031224 0.97
20031225 0.97
20031226 0.97
20031227 0.97
20031228 0.97
20031229 0.98
20031230 0.93
20031231 0.94
20040101 0.94
20040102 1.01
20040103 1.01
20040104 1.01
20040105 0.97
20040106 0.92
20040107 0.94
20040108 0.99
20040109 0.99
20040110 0.99
20040111 0.99
20040112 1.00
20040113 0.99
20040114 1.01
20040115 1.04
20040116 0.98
20040117 0.98
20040118 0.98
20040119 0.98
20040120 1.02
20040121 1.00
20040122 1.02
20040123 1.00
20040124 1.00
20040125 1.00
20040126 1.08
20040127 1.02
20040128 0.99
20040129 1.00
20040130 1.03
20040131 1.03
20040201 1.03
20040202 1.01
20040203 0.97
20040204 1.00
20040205 1.01
20040206 0.99
20040207 0.99
20040208 0.99
20040209 1.01
20040210 1.00
20040211 1.00
20040212 1.02
20040213 1.01
20040214 1.01
20040215 1.01
20040216 1.01
20040217 1.02
20040218 1.00
20040219 1.00
20040220 0.99
20040221 0.99
20040222 0.99
20040223 1.00
20040224 0.99
20040225 1.02
20040226 1.03
20040227 1.04
20040228 1.04
20040229 1.04
20040301 1.04
20040302 1.00
20040303 1.00
20040304 0.99
20040305 1.00
20040306 1.00
20040307 1.00
20040308 1.00
20040309 0.99
20040310 1.00
20040311 1.01
20040312 0.99
20040313 0.99
20040314 0.99
20040315 1.05
20040316 0.99
20040317 1.00
20040318 1.00
20040319 0.99
20040320 0.99
20040321 0.99
20040322 1.01
20040323 0.99
20040324 0.99
20040325 1.02
20040326 1.00
20040327 1.00
20040328 1.00
20040329 1.00
20040330 0.98
20040331 1.05
20040401 1.03
20040402 1.00
20040403 1.00
20040404 1.00
20040405 1.01
20040406 1.00
20040407 1.00
20040408 1.02
20040409 1.01
20040410 1.01
20040411 1.01
20040412 1.00
20040413 1.00
20040414 1.01
20040415 1.03
20040416 0.99
20040417 0.99
20040418 0.99
20040419 1.00
20040420 0.99
20040421 0.99
20040422 1.00
20040423 0.99
20040424 0.99
20040425 0.99
20040426 1.01
20040427 0.99
20040428 1.01
20040429 1.03
20040430 1.03
20040501 1.03
20040502 1.03
20040503 1.03
20040504 1.00
20040505 0.99
20040506 1.00
20040507 0.99
20040508 0.99
20040509 0.99
20040510 1.00
20040511 0.96
20040512 0.98
20040513 1.00
20040514 1.02
20040515 1.02
20040516 1.02
20040517 1.05
20040518 1.00
20040519 1.00
20040520 1.00
20040521 0.99
20040522 0.99
20040523 0.99
20040524 1.00
20040525 1.00
20040526 0.99
20040527 1.00
20040528 1.02
20040529 1.02
20040530 1.02
20040531 1.02
20040601 1.02
20040602 0.98
20040603 0.99
20040604 0.99
20040605 0.99
20040606 0.99
20040607 0.99
20040608 0.97
20040609 0.99
20040610 1.00
20040611 1.00
20040612 1.00
20040613 1.00
20040614 1.02
20040615 1.03
20040616 1.00
20040617 1.01
20040618 1.00
20040619 1.00
20040620 1.00
20040621 1.00
20040622 1.00
20040623 1.02
20040624 1.03
20040625 1.05
20040626 1.05
20040627 1.05
20040628 1.09
20040629 1.13
20040630 1.38
20040701 1.40
20040702 1.25
20040703 1.25
20040704 1.25
20040705 1.25
20040706 1.30
20040707 1.26
20040708 1.26
20040709 1.24
20040710 1.24
20040711 1.24
20040712 1.26
20040713 1.24
20040714 1.24
20040715 1.30
20040716 1.24
20040717 1.24
20040718 1.24
20040719 1.25
20040720 1.25
20040721 1.25
20040722 1.26
20040723 1.25
20040724 1.25
20040725 1.25
20040726 1.27
20040727 1.27
20040728 1.29
20040729 1.30
20040730 1.29
20040731 1.29
20040801 1.29
20040802 1.28
20040803 1.24
20040804 1.22
20040805 1.30
20040806 1.32
20040807 1.32
20040808 1.32
20040809 1.35
20040810 1.43
20040811 1.50
20040812 1.51
20040813 1.48
20040814 1.48
20040815 1.48
20040816 1.43
20040817 1.20
20040818 1.39
20040819 1.50
20040820 1.50
20040821 1.50
20040822 1.50
20040823 1.51
20040824 1.51
20040825 1.55
20040826 1.55
20040827 1.52
20040828 1.52
20040829 1.52
20040830 1.54
20040831 1.55
20040901 1.53
20040902 1.51
20040903 1.48
20040904 1.48
20040905 1.48
20040906 1.48
20040907 1.54
20040908 1.51
20040909 1.49
20040910 1.48
20040911 1.48
20040912 1.48
20040913 1.51
20040914 1.40
20040915 1.57
20040916 1.61
20040917 1.58
20040918 1.58
20040919 1.58
20040920 1.64
20040921 1.70
20040922 1.78
20040923 1.80
20040924 1.76
20040925 1.76
20040926 1.76
20040927 1.76
20040928 1.72
20040929 1.76
20040930 1.94
20041001 1.86
20041002 1.86
20041003 1.86
20041004 1.77
20041005 1.73
20041006 1.74
20041007 1.76
20041008 1.71
20041009 1.71
20041010 1.71
20041011 1.71
20041012 1.78
20041013 1.73
20041014 1.77
20041015 1.79
20041016 1.79
20041017 1.79
20041018 1.73
20041019 1.72
20041020 1.74
20041021 1.76
20041022 1.72
20041023 1.72
20041024 1.72
20041025 1.76
20041026 1.72
20041027 1.77
20041028 1.79
20041029 1.79
20041030 1.79
20041031 1.79
20041101 1.83
20041102 1.74
20041103 1.73
20041104 1.77
20041105 1.76
20041106 1.76
20041107 1.76
20041108 1.80
20041109 1.79
20041110 1.92
20041111 1.92
20041112 2.02
20041113 2.02
20041114 2.02
20041115 2.06
20041116 1.98
20041117 1.99
20041118 1.99
20041119 1.99
20041120 1.99
20041121 1.99
20041122 2.01
20041123 2.00
20041124 2.02
20041125 2.02
20041126 2.01
20041127 2.01
20041128 2.01
20041129 2.03
20041130 2.02
20041201 2.04
20041202 2.00
20041203 1.98
20041204 1.98
20041205 1.98
20041206 2.04
20041207 1.99
20041208 2.01
20041209 2.05
20041210 2.09
20041211 2.09
20041212 2.09
20041213 2.18
20041214 2.24
20041215 2.31
20041216 2.26
20041217 2.23
20041218 2.23
20041219 2.23
20041220 2.26
20041221 2.24
20041222 2.25
20041223 2.34
20041224 2.27
20041225 2.27
20041226 2.27
20041227 2.24
20041228 2.24
20041229 2.23
20041230 2.24
20041231 1.97
20050101 1.97
20050102 1.97
20050103 2.31
20050104 2.25
20050105 2.25
20050106 2.25
20050107 2.24
20050108 2.24
20050109 2.24
20050110 2.26
20050111 2.24
20050112 2.25
20050113 2.29
20050114 2.29
20050115 2.29
20050116 2.29
20050117 2.29
20050118 2.31
20050119 2.19
20050120 2.25
20050121 2.26
20050122 2.26
20050123 2.26
20050124 2.26
20050125 2.29
20050126 2.33
20050127 2.39
20050128 2.48
20050129 2.48
20050130 2.48
20050131 2.50
20050201 2.40
20050202 2.29
20050203 2.49
20050204 2.51
20050205 2.51
20050206 2.51
20050207 2.50
20050208 2.48
20050209 2.50
20050210 2.51
20050211 2.50
20050212 2.50
20050213 2.50
20050214 2.51
20050215 2.53
20050216 2.48
20050217 2.50
20050218 2.51
20050219 2.51
20050220 2.51
20050221 2.51
20050222 2.57
20050223 2.53
20050224 2.55
20050225 2.54
20050226 2.54
20050227 2.54
20050228 2.52
20050301 2.39
20050302 2.48
20050303 2.51
20050304 2.50
20050305 2.50
20050306 2.50
20050307 2.51
20050308 2.49
20050309 2.50
20050310 2.52
20050311 2.51
20050312 2.51
20050313 2.51
20050314 2.59
20050315 2.61
20050316 2.57
20050317 2.68
20050318 2.70
20050319 2.70
20050320 2.70
20050321 2.71
20050322 2.72
20050323 2.73
20050324 2.75
20050325 2.80
20050326 2.80
20050327 2.80
20050328 2.79
20050329 2.72
20050330 2.74
20050331 2.96
20050401 2.83
20050402 2.83
20050403 2.83
20050404 2.78
20050405 2.72
20050406 2.73
20050407 2.76
20050408 2.75
20050409 2.75
20050410 2.75
20050411 2.78
20050412 2.77
20050413 2.76
20050414 2.79
20050415 2.82
20050416 2.82
20050417 2.82
20050418 2.75
20050419 2.74
20050420 2.74
20050421 2.75
20050422 2.74
20050423 2.74
20050424 2.74
20050425 2.82
20050426 2.78
20050427 2.63
20050428 2.89
20050429 2.97
20050430 2.97
20050501 2.97
20050502 2.98
20050503 2.95
20050504 2.99
20050505 2.99
20050506 2.98
20050507 2.98
20050508 2.98
20050509 2.99
20050510 2.99
20050511 2.99
20050512 3.01
20050513 3.01
20050514 3.01
20050515 3.01
20050516 3.06
20050517 2.99
20050518 3.00
20050519 3.02
20050520 3.01
20050521 3.01
20050522 3.01
20050523 3.01
20050524 2.99
20050525 3.01
20050526 3.01
20050527 3.01
20050528 3.01
20050529 3.01
20050530 3.01
20050531 3.09
20050601 3.02
20050602 3.00
20050603 2.99
20050604 2.99
20050605 2.99
20050606 3.00
20050607 2.96
20050608 2.96
20050609 3.01
20050610 3.01
20050611 3.01
20050612 3.01
20050613 3.04
20050614 3.01
20050615 3.05
20050616 3.00
20050617 2.99
20050618 2.99
20050619 2.99
20050620 3.01
20050621 2.96
20050622 2.93
20050623 3.05
20050624 3.07
20050625 3.07
20050626 3.07
20050627 3.17
20050628 3.17
20050629 3.20
20050630 3.35
20050701 3.36
20050702 3.36
20050703 3.36
20050704 3.36
20050705 3.27
20050706 2.99
20050707 3.18
20050708 3.22
20050709 3.22
20050710 3.22
20050711 3.23
20050712 3.23
20050713 3.27
20050714 3.32
20050715 3.32
20050716 3.32
20050717 3.32
20050718 3.19
20050719 3.13
20050720 3.25
20050721 3.27
20050722 3.25
20050723 3.25
20050724 3.25
20050725 3.28
20050726 3.25
20050727 3.27
20050728 3.27
20050729 3.31
20050730 3.31
20050731 3.31
20050801 3.30
20050802 3.20
20050803 3.35
20050804 3.44
20050805 3.49
20050806 3.49
20050807 3.49
20050808 3.50
20050809 3.47
20050810 3.48
20050811 3.51
20050812 3.55
20050813 3.55
20050814 3.55
20050815 3.61
20050816 3.46
20050817 3.57
20050818 3.50
20050819 3.54
20050820 3.54
20050821 3.54
20050822 3.51
20050823 3.49
20050824 3.50
20050825 3.55
20050826 3.54
20050827 3.54
20050828 3.54
20050829 3.54
20050830 3.52
20050831 3.63
20050901 3.57
20050902 3.49
20050903 3.49
20050904 3.49
20050905 3.49
20050906 3.57
20050907 3.48
20050908 3.49
20050909 3.49
20050910 3.49
20050911 3.49
20050912 3.50
20050913 3.45
20050914 3.54
20050915 3.67
20050916 3.62
20050917 3.62
20050918 3.62
20050919 3.62
20050920 3.67
20050921 3.72
20050922 3.77
20050923 3.76
20050924 3.76
20050925 3.76
20050926 3.83
20050927 3.73
20050928 3.76
20050929 3.82
20050930 3.93
20051001 3.93
20051002 3.93
20051003 3.87
20051004 3.75
20051005 3.75
20051006 3.76
20051007 3.73
20051008 3.73
20051009 3.73
20051010 3.73
20051011 3.72
20051012 3.36
20051013 3.75
20051014 3.77
20051015 3.77
20051016 3.77
20051017 3.82
20051018 3.71
20051019 3.71
20051020 3.77
20051021 3.76
20051022 3.76
20051023 3.76
20051024 3.76
20051025 3.74
20051026 3.75
20051027 3.85
20051028 3.90
20051029 3.90
20051030 3.90
20051031 4.02
20051101 3.99
20051102 3.99
20051103 4.01
20051104 4.00
20051105 4.00
20051106 4.00
20051107 3.99
20051108 3.95
20051109 4.02
20051110 3.98
20051111 3.98
20051112 3.98
20051113 3.98
20051114 4.03
20051115 3.97
20051116 3.96
20051117 3.98
20051118 4.00
20051119 4.00
20051120 4.00
20051121 4.03
20051122 3.99
20051123 4.01
20051124 4.01
20051125 4.03
20051126 4.03
20051127 4.03
20051128 4.01
20051129 3.99
20051130 4.03
20051201 4.03
20051202 4.00
20051203 4.00
20051204 4.00
20051205 4.02
20051206 3.97
20051207 3.98
20051208 4.09
20051209 4.16
20051210 4.16
20051211 4.16
20051212 4.24
20051213 4.23
20051214 4.26
20051215 4.29
20051216 4.25
20051217 4.25
20051218 4.25
20051219 4.25
20051220 4.30
20051221 4.08
20051222 4.25
20051223 4.21
20051224 4.21
20051225 4.21
20051226 4.21
20051227 4.26
20051228 4.19
20051229 4.18
20051230 4.09
20051231 4.09
20060101 4.09
20060102 4.09
20060103 4.34
20060104 4.22
20060105 4.24
20060106 4.22
20060107 4.22
20060108 4.22
20060109 4.25
20060110 4.24
20060111 4.24
20060112 4.28
20060113 4.30
20060114 4.30
20060115 4.30
20060116 4.30
20060117 4.32
20060118 4.24
20060119 4.23
20060120 4.24
20060121 4.24
20060122 4.24
20060123 4.26
20060124 4.28
20060125 4.36
20060126 4.37
20060127 4.42
20060128 4.42
20060129 4.42
20060130 4.48
20060131 4.47
20060201 4.47
20060202 4.48
20060203 4.51
20060204 4.51
20060205 4.51
20060206 4.51
20060207 4.47
20060208 4.48
20060209 4.52
20060210 4.51
20060211 4.51
20060212 4.51
20060213 4.44
20060214 4.45
20060215 4.50
20060216 4.48
20060217 4.48
20060218 4.48
20060219 4.48
20060220 4.48
20060221 4.54
20060222 4.49
20060223 4.47
20060224 4.48
20060225 4.48
20060226 4.48
20060227 4.52
20060228 4.52
20060301 4.52
20060302 4.50
20060303 4.51
20060304 4.51
20060305 4.51
20060306 4.51
20060307 4.51
20060308 4.51
20060309 4.51
20060310 4.51
20060311 4.51
20060312 4.51
20060313 4.52
20060314 4.51
20060315 4.47
20060316 4.55
20060317 4.60
20060318 4.60
20060319 4.60
20060320 4.55
20060321 4.54
20060322 4.58
20060323 4.64
20060324 4.69
20060325 4.69
20060326 4.69
20060327 4.77
20060328 4.70
20060329 4.69
20060330 4.76
20060331 5.00
20060401 5.00
20060402 5.00
20060403 4.87
20060404 4.76
20060405 4.76
20060406 4.76
20060407 4.76
20060408 4.76
20060409 4.76
20060410 4.78
20060411 4.74
20060412 4.78
20060413 4.82
20060414 4.80
20060415 4.80
20060416 4.80
20060417 4.78
20060418 4.72
20060419 4.70
20060420 4.73
20060421 4.74
20060422 4.74
20060423 4.74
20060424 4.77
20060425 4.74
20060426 4.73
20060427 4.79
20060428 4.86
20060429 4.86
20060430 4.86
20060501 4.84
20060502 4.79
20060503 4.81
20060504 4.83
20060505 4.83
20060506 4.83
20060507 4.83
20060508 4.88
20060509 4.78
20060510 4.88
20060511 4.99
20060512 5.01
20060513 5.01
20060514 5.01
20060515 5.01
20060516 4.98
20060517 4.96
20060518 5.00
20060519 5.00
20060520 5.00
20060521 5.00
20060522 5.00
20060523 4.94
20060524 4.90
20060525 5.01
20060526 4.99
20060527 4.99
20060528 4.99
20060529 4.99
20060530 5.02
20060531 5.05
20060601 5.02
20060602 4.97
20060603 4.97
20060604 4.97
20060605 5.01
20060606 4.99
20060607 4.99
20060608 5.02
20060609 5.00
20060610 5.00
20060611 5.00
20060612 5.01
20060613 5.00
20060614 5.00
20060615 5.02
20060616 4.94
20060617 4.94
20060618 4.94
20060619 4.95
20060620 4.92
20060621 4.91
20060622 4.98
20060623 4.98
20060624 4.98
20060625 4.98
20060626 5.03
20060627 5.02
20060628 5.06
20060629 5.08
20060630 5.05
20060701 5.05
20060702 5.05
20060703 5.25
20060704 5.25
20060705 5.25
20060706 5.24
20060707 5.22
20060708 5.22
20060709 5.22
20060710 5.24
20060711 5.25
20060712 5.27
20060713 5.26
20060714 5.26
20060715 5.26
20060716 5.26
20060717 5.28
20060718 5.22
20060719 5.23
20060720 5.24
20060721 5.23
20060722 5.23
20060723 5.23
20060724 5.24
20060725 5.24
20060726 5.24
20060727 5.27
20060728 5.26
20060729 5.26
20060730 5.26
20060731 5.31
20060801 5.27
20060802 5.25
20060803 5.27
20060804 5.25
20060805 5.25
20060806 5.25
20060807 5.24
20060808 5.26
20060809 5.25
20060810 5.24
20060811 5.24
20060812 5.24
20060813 5.24
20060814 5.26
20060815 5.24
20060816 5.17
20060817 5.20
20060818 5.25
20060819 5.25
20060820 5.25
20060821 5.24
20060822 5.24
20060823 5.25
20060824 5.25
20060825 5.25
20060826 5.25
20060827 5.25
20060828 5.25
20060829 5.23
20060830 5.25
20060831 5.31
20060901 5.25
20060902 5.25
20060903 5.25
20060904 5.25
20060905 5.26
20060906 5.21
20060907 5.23
20060908 5.23
20060909 5.23
20060910 5.23
20060911 5.24
20060912 5.21
20060913 5.26
20060914 5.26
20060915 5.25
20060916 5.25
20060917 5.25
20060918 5.23
20060919 5.21
20060920 5.23
20060921 5.24
20060922 5.27
20060923 5.27
20060924 5.27
20060925 5.30
20060926 5.25
20060927 5.30
20060928 5.28
20060929 5.34
20060930 5.34
20061001 5.34
20061002 5.33
20061003 5.25
20061004 5.23
20061005 5.23
20061006 5.22
20061007 5.22
20061008 5.22
20061009 5.22
20061010 5.28
20061011 5.25
20061012 5.25
20061013 5.21
20061014 5.21
20061015 5.21
20061016 5.28
20061017 5.21
20061018 5.23
20061019 5.22
20061020 5.25
20061021 5.25
20061022 5.25
20061023 5.24
20061024 5.24
20061025 5.26
20061026 5.23
20061027 5.23
20061028 5.23
20061029 5.23
20061030 5.27
20061031 5.31
20061101 5.23
20061102 5.22
20061103 5.25
20061104 5.25
20061105 5.25
20061106 5.24
20061107 5.22
20061108 5.22
20061109 5.23
20061110 5.23
20061111 5.23
20061112 5.23
20061113 5.27
20061114 5.25
20061115 5.29
20061116 5.25
20061117 5.20
20061118 5.20
20061119 5.20
20061120 5.25
20061121 5.29
20061122 5.26
20061123 5.26
20061124 5.24
20061125 5.24
20061126 5.24
20061127 5.32
20061128 5.24
20061129 5.26
20061130 5.31
20061201 5.27
20061202 5.27
20061203 5.27
20061204 5.22
20061205 5.21
20061206 5.22
20061207 5.25
20061208 5.25
20061209 5.25
20061210 5.25
20061211 5.25
20061212 5.23
20061213 5.23
20061214 5.29
20061215 5.27
20061216 5.27
20061217 5.27
20061218 5.21
20061219 5.21
20061220 5.26
20061221 5.25
20061222 5.24
20061223 5.24
20061224 5.24
20061225 5.24
20061226 5.29
20061227 5.17
20061228 5.25
20061229 5.17
20061230 5.17
20061231 5.17
20070101 5.17
20070102 5.30
20070103 5.28
20070104 5.24
20070105 5.21
20070106 5.21
20070107 5.21
20070108 5.23
20070109 5.25
20070110 5.26
20070111 5.27
20070112 5.22
20070113 5.22
20070114 5.22
20070115 5.22
20070116 5.28
20070117 5.25
20070118 5.23
20070119 5.25
20070120 5.25
20070121 5.25
20070122 5.24
20070123 5.26
20070124 5.27
20070125 5.31
20070126 5.26
20070127 5.26
20070128 5.26
20070129 5.26
20070130 5.23
20070131 5.33
20070201 5.29
20070202 5.24
20070203 5.24
20070204 5.24
20070205 5.25
20070206 5.24
20070207 5.23
20070208 5.25
20070209 5.25
20070210 5.25
20070211 5.25
20070212 5.28
20070213 5.26
20070214 5.27
20070215 5.29
20070216 5.24
20070217 5.24
20070218 5.24
20070219 5.24
20070220 5.27
20070221 5.23
20070222 5.26
20070223 5.24
20070224 5.24
20070225 5.24
20070226 5.30
20070227 5.27
20070228 5.41
20070301 5.31
20070302 5.23
20070303 5.23
20070304 5.23
20070305 5.27
20070306 5.22
20070307 5.24
20070308 5.24
20070309 5.24
20070310 5.24
20070311 5.24
20070312 5.25
20070313 5.25
20070314 5.27
20070315 5.29
20070316 5.25
20070317 5.25
20070318 5.25
20070319 5.26
20070320 5.26
20070321 5.26
20070322 5.27
20070323 5.24
20070324 5.24
20070325 5.24
20070326 5.28
20070327 5.25
20070328 5.27
20070329 5.29
20070330 5.30
20070331 5.30
20070401 5.30
20070402 5.25
20070403 5.20
20070404 5.21
20070405 5.30
20070406 5.30
20070407 5.30
20070408 5.30
20070409 5.28
20070410 5.26
20070411 5.24
20070412 5.27
20070413 5.25
20070414 5.25
20070415 5.25
20070416 5.29
20070417 5.20
20070418 5.19
20070419 5.23
20070420 5.25
20070421 5.25
20070422 5.25
20070423 5.23
20070424 5.20
20070425 5.19
20070426 5.24
20070427 5.24
20070428 5.24
20070429 5.24
20070430 5.29
20070501 5.26
20070502 5.21
20070503 5.24
20070504 5.24
20070505 5.24
20070506 5.24
20070507 5.24
20070508 5.21
20070509 5.21
20070510 5.25
20070511 5.27
20070512 5.27
20070513 5.27
20070514 5.26
20070515 5.29
20070516 5.25
20070517 5.25
20070518 5.24
20070519 5.24
20070520 5.24
20070521 5.24
20070522 5.23
20070523 5.25
20070524 5.24
20070525 5.29
20070526 5.29
20070527 5.29
20070528 5.29
20070529 5.29
20070530 5.25
20070531 5.28
20070601 5.23
20070602 5.23
20070603 5.23
20070604 5.24
20070605 5.19
20070606 5.25
20070607 5.25
20070608 5.26
20070609 5.26
20070610 5.26
20070611 5.27
20070612 5.26
20070613 5.26
20070614 5.28
20070615 5.26
20070616 5.26
20070617 5.26
20070618 5.23
20070619 5.21
20070620 5.27
20070621 5.26
20070622 5.24
20070623 5.24
20070624 5.24
20070625 5.29
20070626 5.25
20070627 5.26
20070628 5.26
20070629 5.31
20070630 5.31
20070701 5.31
20070702 5.31
20070703 5.24
20070704 5.24
20070705 5.25
20070706 5.22
20070707 5.22
20070708 5.22
20070709 5.22
20070710 5.24
20070711 5.24
20070712 5.26
20070713 5.25
20070714 5.25
20070715 5.25
20070716 5.32
20070717 5.28
20070718 5.26
20070719 5.25
20070720 5.25
20070721 5.25
20070722 5.25
20070723 5.26
20070724 5.25
20070725 5.32
20070726 5.28
20070727 5.25
20070728 5.25
20070729 5.25
20070730 5.29
20070731 5.28
20070801 5.30
20070802 5.24
20070803 5.24
20070804 5.24
20070805 5.24
20070806 5.26
20070807 5.26
20070808 5.27
20070809 5.41
20070810 4.68
20070811 4.68
20070812 4.68
20070813 4.81
20070814 4.54
20070815 4.71
20070816 4.97
20070817 4.91
20070818 4.91
20070819 4.91
20070820 5.03
20070821 4.89
20070822 4.77
20070823 4.88
20070824 5.11
20070825 5.11
20070826 5.11
20070827 5.27
20070828 5.30
20070829 5.00
20070830 5.00
20070831 4.96
20070901 4.96
20070902 4.96
20070903 4.96
20070904 5.22
20070905 5.18
20070906 4.98
20070907 4.86
20070908 4.86
20070909 4.86
20070910 5.07
20070911 5.06
20070912 5.18
20070913 5.09
20070914 5.25
20070915 5.25
20070916 5.25
20070917 5.33
20070918 4.92
20070919 4.74
20070920 4.77
20070921 4.76
20070922 4.76
20070923 4.76
20070924 4.74
20070925 4.82
20070926 4.88
20070927 4.93
20070928 4.58
20070929 4.58
20070930 4.58
20071001 4.92
20071002 4.78
20071003 4.68
20071004 4.74
20071005 4.77
20071006 4.77
20071007 4.77
20071008 4.77
20071009 4.91
20071010 4.52
20071011 4.75
20071012 4.75
20071013 4.75
20071014 4.75
20071015 4.81
20071016 4.68
20071017 4.70
20071018 4.69
20071019 4.77
20071020 4.77
20071021 4.77
20071022 4.71
20071023 4.67
20071024 4.74
20071025 4.86
20071026 4.80
20071027 4.80
20071028 4.80
20071029 4.84
20071030 4.78
20071031 4.60
20071101 4.59
20071102 4.28
20071103 4.28
20071104 4.28
20071105 4.29
20071106 4.22
20071107 4.39
20071108 4.58
20071109 4.49
20071110 4.49
20071111 4.49
20071112 4.49
20071113 4.61
20071114 4.60
20071115 4.54
20071116 4.51
20071117 4.51
20071118 4.51
20071119 4.51
20071120 4.51
20071121 4.50
20071122 4.50
20071123 4.56
20071124 4.56
20071125 4.56
20071126 4.62
20071127 4.39
20071128 4.53
20071129 4.55
20071130 4.66
20071201 4.66
20071202 4.66
20071203 4.52
20071204 4.50
20071205 4.31
20071206 4.49
20071207 4.41
20071208 4.41
20071209 4.41
20071210 4.46
20071211 4.29
20071212 4.28
20071213 4.30
20071214 4.24
20071215 4.24
20071216 4.24
20071217 4.31
20071218 4.16
20071219 3.98
20071220 4.37
20071221 4.28
20071222 4.28
20071223 4.28
20071224 4.00
20071225 4.00
20071226 4.26
20071227 4.15
20071228 4.01
20071229 4.01
20071230 4.01
20071231 3.06
20080101 3.06
20080102 4.11
20080103 4.25
20080104 4.18
20080105 4.18
20080106 4.18
20080107 4.27
20080108 4.27
20080109 4.26
20080110 4.26
20080111 4.23
20080112 4.23
20080113 4.23
20080114 4.24
20080115 4.24
20080116 4.22
20080117 4.23
20080118 4.17
20080119 4.17
20080120 4.17
20080121 4.17
20080122 3.68
20080123 3.43
20080124 3.47
20080125 3.60
20080126 3.60
20080127 3.60
20080128 3.50
20080129 3.47
20080130 3.26
20080131 3.22
20080201 3.12
20080202 3.12
20080203 3.12
20080204 2.82
20080205 2.71
20080206 2.94
20080207 3.03
20080208 3.05
20080209 3.05
20080210 3.05
20080211 2.88
20080212 2.91
20080213 3.02
20080214 3.03
20080215 2.97
20080216 2.97
20080217 2.97
20080218 2.97
20080219 2.94
20080220 3.00
20080221 3.01
20080222 2.97
20080223 2.97
20080224 2.97
20080225 3.00
20080226 2.85
20080227 2.93
20080228 3.06
20080229 3.01
20080301 3.01
20080302 3.01
20080303 3.10
20080304 2.90
20080305 2.93
20080306 2.99
20080307 2.96
20080308 2.96
20080309 2.96
20080310 2.99
20080311 2.95
20080312 2.97
20080313 2.98
20080314 2.99
20080315 2.99
20080316 2.99
20080317 2.69
20080318 2.16
20080319 2.08
20080320 2.22
20080321 2.08
20080322 2.08
20080323 2.08
20080324 2.08
20080325 2.42
20080326 2.30
20080327 2.27
20080328 2.09
20080329 2.09
20080330 2.09
20080331 2.51
20080401 2.38
20080402 2.18
20080403 2.19
20080404 2.26
20080405 2.26
20080406 2.26
20080407 2.24
20080408 2.23
20080409 2.20
20080410 2.30
20080411 2.37
20080412 2.37
20080413 2.37
20080414 2.32
20080415 2.32
20080416 2.35
20080417 2.37
20080418 2.32
20080419 2.32
20080420 2.32
20080421 2.28
20080422 1.99
20080423 2.18
20080424 2.26
20080425 2.28
20080426 2.28
20080427 2.28
20080428 2.29
20080429 2.21
20080430 2.37
20080501 2.16
20080502 1.88
20080503 1.88
20080504 1.88
20080505 1.85
20080506 1.91
20080507 2.01
20080508 1.99
20080509 1.97
20080510 1.97
20080511 1.97
20080512 1.88
20080513 1.93
20080514 2.03
20080515 2.03
20080516 1.91
20080517 1.91
20080518 1.91
20080519 1.95
20080520 1.99
20080521 2.03
20080522 2.05
20080523 1.99
20080524 1.99
20080525 1.99
20080526 1.99
20080527 2.23
20080528 2.08
20080529 2.01
20080530 1.98
20080531 1.98
20080601 1.98
20080602 2.06
20080603 1.95
20080604 1.98
20080605 1.98
20080606 2.01
20080607 2.01
20080608 2.01
20080609 2.02
20080610 1.96
20080611 1.95
20080612 2.01
20080613 2.02
20080614 2.02
20080615 2.02
20080616 2.06
20080617 1.87
20080618 1.84
20080619 1.94
20080620 1.99
20080621 1.99
20080622 1.99
20080623 1.98
20080624 1.93
20080625 1.97
20080626 2.05
20080627 1.99
20080628 1.99
20080629 1.99
20080630 2.47
20080701 2.11
20080702 1.95
20080703 1.92
20080704 1.92
20080705 1.92
20080706 1.92
20080707 1.99
20080708 1.97
20080709 1.99
20080710 2.01
20080711 1.97
20080712 1.97
20080713 1.97
20080714 2.06
20080715 2.16
20080716 1.95
20080717 2.03
20080718 1.96
20080719 1.96
20080720 1.96
20080721 1.98
20080722 1.97
20080723 2.04
20080724 2.06
20080725 2.13
20080726 2.13
20080727 2.13
20080728 2.00
20080729 2.05
20080730 2.03
20080731 2.09
20080801 2.04
20080802 2.04
20080803 2.04
20080804 1.97
20080805 1.97
20080806 2.01
20080807 1.96
20080808 2.01
20080809 2.01
20080810 2.01
20080811 1.99
20080812 1.95
20080813 1.98
20080814 2.09
20080815 2.08
20080816 2.08
20080817 2.08
20080818 1.91
20080819 1.94
20080820 1.98
20080821 2.01
20080822 2.02
20080823 2.02
20080824 2.02
20080825 2.01
20080826 1.88
20080827 1.98
20080828 1.99
20080829 1.94
20080830 1.94
20080831 1.94
20080901 1.94
20080902 1.96
20080903 2.01
20080904 1.99
20080905 1.97
20080906 1.97
20080907 1.97
20080908 1.92
20080909 1.96
20080910 2.12
20080911 2.00
20080912 2.10
20080913 2.10
20080914 2.10
20080915 2.64
20080916 1.98
20080917 2.80
20080918 2.16
20080919 1.48
20080920 1.48
20080921 1.48
20080922 1.51
20080923 1.46
20080924 1.19
20080925 1.23
20080926 1.08
20080927 1.08
20080928 1.08
20080929 1.56
20080930 2.03
20081001 1.15
20081002 0.67
20081003 1.10
20081004 1.10
20081005 1.10
20081006 1.96
20081007 2.97
20081008 2.24
20081009 1.40
20081010 0.79
20081011 0.79
20081012 0.79
20081013 0.79
20081014 1.10
20081015 1.04
20081016 0.83
20081017 0.60
20081018 0.60
20081019 0.60
20081020 0.70
20081021 0.67
20081022 0.81
20081023 0.93
20081024 0.95
20081025 0.95
20081026 0.95
20081027 0.92
20081028 0.67
20081029 0.36
20081030 0.30
20081031 0.22
20081101 0.22
20081102 0.22
20081103 0.23
20081104 0.23
20081105 0.23
20081106 0.23
20081107 0.27
20081108 0.27
20081109 0.27
20081110 0.29
20081111 0.29
20081112 0.35
20081113 0.35
20081114 0.34
20081115 0.34
20081116 0.34
20081117 0.37
20081118 0.38
20081119 0.38
20081120 0.49
20081121 0.57
20081122 0.57
20081123 0.57
20081124 0.62
20081125 0.59
20081126 0.53
20081127 0.53
20081128 0.52
20081129 0.52
20081130 0.52
20081201 0.52
20081202 0.47
20081203 0.36
20081204 0.20
20081205 0.12
20081206 0.12
20081207 0.12
20081208 0.12
20081209 0.13
20081210 0.11
20081211 0.14
20081212 0.15
20081213 0.15
20081214 0.15
20081215 0.18
20081216 0.17
20081217 0.12
20081218 0.11
20081219 0.11
20081220 0.11
20081221 0.11
20081222 0.11
20081223 0.11
20081224 0.11
20081225 0.11
20081226 0.09
20081227 0.09
20081228 0.09
20081229 0.10
20081230 0.09
20081231 0.14
20090101 0.14
20090102 0.08
20090103 0.08
20090104 0.08
20090105 0.11
20090106 0.09
20090107 0.11
20090108 0.10
20090109 0.09
20090110 0.09
20090111 0.09
20090112 0.10
20090113 0.10
20090114 0.15
20090115 0.18
20090116 0.19
20090117 0.19
20090118 0.19
20090119 0.19
20090120 0.20
20090121 0.23
20090122 0.21
20090123 0.18
20090124 0.18
20090125 0.18
20090126 0.19
20090127 0.18
20090128 0.19
20090129 0.23
20090130 0.23
20090131 0.23
20090201 0.23
20090202 0.24
20090203 0.24
20090204 0.24
20090205 0.23
20090206 0.23
20090207 0.23
20090208 0.23
20090209 0.22
20090210 0.24
20090211 0.22
20090212 0.23
20090213 0.22
20090214 0.22
20090215 0.22
20090216 0.22
20090217 0.25
20090218 0.23
20090219 0.21
20090220 0.20
20090221 0.20
20090222 0.20
20090223 0.19
20090224 0.21
20090225 0.21
20090226 0.22
20090227 0.22
20090228 0.22
20090301 0.22
20090302 0.22
20090303 0.20
20090304 0.21
20090305 0.20
20090306 0.20
20090307 0.20
20090308 0.20
20090309 0.20
20090310 0.20
20090311 0.19
20090312 0.18
20090313 0.15
20090314 0.15
20090315 0.15
20090316 0.20
20090317 0.20
20090318 0.18
20090319 0.17
20090320 0.18
20090321 0.18
20090322 0.18
20090323 0.17
20090324 0.17
20090325 0.17
20090326 0.16
20090327 0.15
20090328 0.15
20090329 0.15
20090330 0.16
20090331 0.16
20090401 0.16
20090402 0.16
20090403 0.13
20090404 0.13
20090405 0.13
20090406 0.14
20090407 0.14
20090408 0.14
20090409 0.14
20090410 0.15
20090411 0.15
20090412 0.15
20090413 0.13
20090414 0.16
20090415 0.16
20090416 0.15
20090417 0.13
20090418 0.13
20090419 0.13
20090420 0.14
20090421 0.15
20090422 0.15
20090423 0.17
20090424 0.16
20090425 0.16
20090426 0.16
20090427 0.17
20090428 0.16
20090429 0.18
20090430 0.20
20090501 0.22
20090502 0.22
20090503 0.22
20090504 0.22
20090505 0.20
20090506 0.18
20090507 0.18
20090508 0.17
20090509 0.17
20090510 0.17
20090511 0.17
20090512 0.16
20090513 0.16
20090514 0.16
20090515 0.17
20090516 0.17
20090517 0.17
20090518 0.16
20090519 0.15
20090520 0.14
20090521 0.17
20090522 0.17
20090523 0.17
20090524 0.17
20090525 0.17
20090526 0.18
20090527 0.17
20090528 0.17
20090529 0.19
20090530 0.19
20090531 0.19
20090601 0.21
20090602 0.20
20090603 0.21
20090604 0.20
20090605 0.21
20090606 0.21
20090607 0.21
20090608 0.21
20090609 0.18
20090610 0.18
20090611 0.17
20090612 0.17
20090613 0.17
20090614 0.17
20090615 0.22
20090616 0.22
20090617 0.24
20090618 0.25
20090619 0.25
20090620 0.25
20090621 0.25
20090622 0.24
20090623 0.24
20090624 0.21
20090625 0.19
20090626 0.18
20090627 0.18
20090628 0.18
20090629 0.17
20090630 0.22
20090701 0.20
20090702 0.17
20090703 0.16
20090704 0.16
20090705 0.16
20090706 0.18
20090707 0.18
20090708 0.16
20090709 0.15
20090710 0.15
20090711 0.15
20090712 0.15
20090713 0.13
20090714 0.13
20090715 0.14
20090716 0.15
20090717 0.15
20090718 0.15
20090719 0.15
20090720 0.15
20090721 0.14
20090722 0.14
20090723 0.15
20090724 0.15
20090725 0.15
20090726 0.15
20090727 0.16
20090728 0.15
20090729 0.17
20090730 0.17
20090731 0.18
20090801 0.18
20090802 0.18
20090803 0.18
20090804 0.17
20090805 0.17
20090806 0.17
20090807 0.17
20090808 0.17
20090809 0.17
20090810 0.17
20090811 0.16
20090812 0.15
20090813 0.15
20090814 0.15
20090815 0.15
20090816 0.15
20090817 0.17
20090818 0.17
20090819 0.17
20090820 0.17
20090821 0.16
20090822 0.16
20090823 0.16
20090824 0.16
20090825 0.15
20090826 0.15
20090827 0.14
20090828 0.14
20090829 0.14
20090830 0.14
20090831 0.15
20090901 0.15
20090902 0.16
20090903 0.15
20090904 0.15
20090905 0.15
20090906 0.15
20090907 0.15
20090908 0.15
20090909 0.15
20090910 0.16
20090911 0.15
20090912 0.15
20090913 0.15
20090914 0.16
20090915 0.17
20090916 0.17
20090917 0.16
20090918 0.16
20090919 0.16
20090920 0.16
20090921 0.15
20090922 0.15
20090923 0.15
20090924 0.14
20090925 0.13
20090926 0.13
20090927 0.13
20090928 0.13
20090929 0.11
20090930 0.07
20091001 0.11
20091002 0.13
20091003 0.13
20091004 0.13
20091005 0.13
20091006 0.12
20091007 0.13
20091008 0.12
20091009 0.12
20091010 0.12
20091011 0.12
20091012 0.12
20091013 0.12
20091014 0.12
20091015 0.13
20091016 0.12
20091017 0.12
20091018 0.12
20091019 0.12
20091020 0.12
20091021 0.11
20091022 0.11
20091023 0.11
20091024 0.11
20091025 0.11
20091026 0.11
20091027 0.11
20091028 0.11
20091029 0.11
20091030 0.11
20091031 0.11
20091101 0.11
20091102 0.12
20091103 0.12
20091104 0.13
20091105 0.13
20091106 0.12
20091107 0.12
20091108 0.12
20091109 0.12
20091110 0.13
20091111 0.13
20091112 0.12
20091113 0.12
20091114 0.12
20091115 0.12
20091116 0.12
20091117 0.12
20091118 0.11
20091119 0.11
20091120 0.11
20091121 0.11
20091122 0.11
20091123 0.12
20091124 0.12
20091125 0.11
20091126 0.11
20091127 0.12
20091128 0.12
20091129 0.12
20091130 0.13
20091201 0.13
20091202 0.13
20091203 0.13
20091204 0.12
20091205 0.12
20091206 0.12
20091207 0.12
20091208 0.12
20091209 0.12
20091210 0.12
20091211 0.12
20091212 0.12
20091213 0.12
20091214 0.12
20091215 0.13
20091216 0.14
20091217 0.13
20091218 0.12
20091219 0.12
20091220 0.12
20091221 0.12
20091222 0.12
20091223 0.11
20091224 0.11
20091225 0.11
20091226 0.11
20091227 0.11
20091228 0.12
20091229 0.12
20091230 0.11
20091231 0.05
20100101 0.05
20100102 0.05
20100103 0.05
20100104 0.12
20100105 0.12
20100106 0.12
20100107 0.10
20100108 0.11
20100109 0.11
20100110 0.11
20100111 0.11
20100112 0.11
20100113 0.11
20100114 0.11
20100115 0.12
20100116 0.12
20100117 0.12
20100118 0.12
20100119 0.13
20100120 0.13
20100121 0.12
20100122 0.11
20100123 0.11
20100124 0.11
20100125 0.12
20100126 0.12
20100127 0.12
20100128 0.12
20100129 0.12
20100130 0.12
20100131 0.12
20100201 0.14
20100202 0.14
20100203 0.13
20100204 0.14
20100205 0.13
20100206 0.13
20100207 0.13
20100208 0.13
20100209 0.13
20100210 0.12
20100211 0.12
20100212 0.12
20100213 0.12
20100214 0.12
20100215 0.12
20100216 0.13
20100217 0.12
20100218 0.12
20100219 0.13
20100220 0.13
20100221 0.13
20100222 0.12
20100223 0.12
20100224 0.11
20100225 0.12
20100226 0.13
20100227 0.13
20100228 0.13
20100301 0.14
20100302 0.14
20100303 0.15
20100304 0.16
20100305 0.17
20100306 0.17
20100307 0.17
20100308 0.15
20100309 0.14
20100310 0.14
20100311 0.15
20100312 0.17
20100313 0.17
20100314 0.17
20100315 0.20
20100316 0.20
20100317 0.18
20100318 0.18
20100319 0.18
20100320 0.18
20100321 0.18
20100322 0.18
20100323 0.17
20100324 0.17
20100325 0.17
20100326 0.17
20100327 0.17
20100328 0.17
20100329 0.16
20100330 0.16
20100331 0.09
20100401 0.17
20100402 0.20
20100403 0.20
20100404 0.20
20100405 0.20
20100406 0.20
20100407 0.19
20100408 0.19
20100409 0.19
20100410 0.19
20100411 0.19
20100412 0.19
20100413 0.20
20100414 0.20
20100415 0.22
20100416 0.21
20100417 0.21
20100418 0.21
20100419 0.20
20100420 0.20
20100421 0.20
20100422 0.20
20100423 0.20
20100424 0.20
20100425 0.20
20100426 0.20
20100427 0.20
20100428 0.20
20100429 0.19
20100430 0.20
20100501 0.20
20100502 0.20
20100503 0.20
20100504 0.21
20100505 0.21
20100506 0.20
20100507 0.20
20100508 0.20
20100509 0.20
20100510 0.20
20100511 0.20
20100512 0.20
20100513 0.20
20100514 0.20
20100515 0.20
20100516 0.20
20100517 0.21
20100518 0.21
20100519 0.20
20100520 0.20
20100521 0.20
20100522 0.20
20100523 0.20
20100524 0.21
20100525 0.21
20100526 0.20
20100527 0.20
20100528 0.19
20100529 0.19
20100530 0.19
20100531 0.19
20100601 0.20
20100602 0.20
20100603 0.19
20100604 0.19
20100605 0.19
20100606 0.19
20100607 0.19
20100608 0.19
20100609 0.18
20100610 0.18
20100611 0.18
20100612 0.18
20100613 0.18
20100614 0.18
20100615 0.19
20100616 0.19
20100617 0.19
20100618 0.18
20100619 0.18
20100620 0.18
20100621 0.17
20100622 0.18
20100623 0.17
20100624 0.16
20100625 0.16
20100626 0.16
20100627 0.16
20100628 0.17
20100629 0.15
20100630 0.09
20100701 0.17
20100702 0.18
20100703 0.18
20100704 0.18
20100705 0.18
20100706 0.18
20100707 0.18
20100708 0.17
20100709 0.18
20100710 0.18
20100711 0.18
20100712 0.17
20100713 0.17
20100714 0.17
20100715 0.19
20100716 0.19
20100717 0.19
20100718 0.19
20100719 0.19
20100720 0.18
20100721 0.18
20100722 0.18
20100723 0.19
20100724 0.19
20100725 0.19
20100726 0.19
20100727 0.19
20100728 0.20
20100729 0.19
20100730 0.18
20100731 0.18
20100801 0.18
20100802 0.19
20100803 0.19
20100804 0.19
20100805 0.19
20100806 0.18
20100807 0.18
20100808 0.18
20100809 0.18
20100810 0.18
20100811 0.17
20100812 0.18
20100813 0.19
20100814 0.19
20100815 0.19
20100816 0.20
20100817 0.20
20100818 0.19
20100819 0.19
20100820 0.20
20100821 0.20
20100822 0.20
20100823 0.19
20100824 0.19
20100825 0.19
20100826 0.19
20100827 0.19
20100828 0.19
20100829 0.19
20100830 0.19
20100831 0.21
20100901 0.19
20100902 0.19
20100903 0.19
20100904 0.19
20100905 0.19
20100906 0.19
20100907 0.20
20100908 0.19
20100909 0.18
20100910 0.18
20100911 0.18
20100912 0.18
20100913 0.18
20100914 0.19
20100915 0.21
20100916 0.21
20100917 0.21
20100918 0.21
20100919 0.21
20100920 0.21
20100921 0.20
20100922 0.21
20100923 0.20
20100924 0.21
20100925 0.21
20100926 0.21
20100927 0.19
20100928 0.19
20100929 0.19
20100930 0.15
20101001 0.20
20101002 0.20
20101003 0.20
20101004 0.20
20101005 0.20
20101006 0.19
20101007 0.18
20101008 0.18
20101009 0.18
20101010 0.18
20101011 0.18
20101012 0.18
20101013 0.18
20101014 0.19
20101015 0.20
20101016 0.20
20101017 0.20
20101018 0.19
20101019 0.19
20101020 0.19
20101021 0.19
20101022 0.19
20101023 0.19
20101024 0.19
20101025 0.19
20101026 0.19
20101027 0.19
20101028 0.19
20101029 0.20
20101030 0.20
20101031 0.20
20101101 0.20
20101102 0.20
20101103 0.20
20101104 0.19
20101105 0.18
20101106 0.18
20101107 0.18
20101108 0.18
20101109 0.17
20101110 0.17
20101111 0.17
20101112 0.19
20101113 0.19
20101114 0.19
20101115 0.21
20101116 0.21
20101117 0.20
20101118 0.20
20101119 0.21
20101120 0.21
20101121 0.21
20101122 0.19
20101123 0.20
20101124 0.20
20101125 0.20
20101126 0.20
20101127 0.20
20101128 0.20
20101129 0.20
20101130 0.20
20101201 0.20
20101202 0.19
20101203 0.18
20101204 0.18
20101205 0.18
20101206 0.18
20101207 0.17
20101208 0.17
20101209 0.16
20101210 0.16
20101211 0.16
20101212 0.16
20101213 0.17
20101214 0.19
20101215 0.20
20101216 0.20
20101217 0.20
20101218 0.20
20101219 0.20
20101220 0.21
20101221 0.20
20101222 0.19
20101223 0.19
20101224 0.19
20101225 0.19
20101226 0.19
20101227 0.19
20101228 0.18
20101229 0.18
20101230 0.19
20101231 0.13
20110101 0.13
20110102 0.13
20110103 0.19
20110104 0.18
20110105 0.18
20110106 0.17
20110107 0.17
20110108 0.17
20110109 0.17
20110110 0.17
20110111 0.17
20110112 0.16
20110113 0.16
20110114 0.16
20110115 0.16
20110116 0.16
20110117 0.16
20110118 0.19
20110119 0.18
20110120 0.18
20110121 0.17
20110122 0.17
20110123 0.17
20110124 0.18
20110125 0.17
20110126 0.17
20110127 0.17
20110128 0.17
20110129 0.17
20110130 0.17
20110131 0.17
20110201 0.18
20110202 0.18
20110203 0.17
20110204 0.17
20110205 0.17
20110206 0.17
20110207 0.17
20110208 0.16
20110209 0.15
20110210 0.15
20110211 0.15
20110212 0.15
20110213 0.15
20110214 0.15
20110215 0.16
20110216 0.15
20110217 0.15
20110218 0.15
20110219 0.15
20110220 0.15
20110221 0.15
20110222 0.15
20110223 0.15
20110224 0.15
20110225 0.15
20110226 0.15
20110227 0.15
20110228 0.16
20110301 0.15
20110302 0.16
20110303 0.15
20110304 0.15
20110305 0.15
20110306 0.15
20110307 0.14
20110308 0.14
20110309 0.14
20110310 0.14
20110311 0.13
20110312 0.13
20110313 0.13
20110314 0.14
20110315 0.14
20110316 0.14
20110317 0.14
20110318 0.15
20110319 0.15
20110320 0.15
20110321 0.14
20110322 0.14
20110323 0.14
20110324 0.13
20110325 0.13
20110326 0.13
20110327 0.13
20110328 0.13
20110329 0.13
20110330 0.13
20110331 0.10
20110401 0.11
20110402 0.11
20110403 0.11
20110404 0.09
20110405 0.09
20110406 0.10
20110407 0.10
20110408 0.09
20110409 0.09
20110410 0.09
20110411 0.09
20110412 0.08
20110413 0.08
20110414 0.09
20110415 0.12
20110416 0.12
20110417 0.12
20110418 0.10
20110419 0.11
20110420 0.10
20110421 0.10
20110422 0.10
20110423 0.10
20110424 0.10
20110425 0.10
20110426 0.09
20110427 0.09
20110428 0.09
20110429 0.09
20110430 0.09
20110501 0.09
20110502 0.09
20110503 0.09
20110504 0.09
20110505 0.09
20110506 0.09
20110507 0.09
20110508 0.09
20110509 0.09
20110510 0.09
20110511 0.09
20110512 0.09
20110513 0.09
20110514 0.09
20110515 0.09
20110516 0.10
20110517 0.09
20110518 0.10
20110519 0.09
20110520 0.10
20110521 0.10
20110522 0.10
20110523 0.10
20110524 0.10
20110525 0.09
20110526 0.09
20110527 0.10
20110528 0.10
20110529 0.10
20110530 0.10
20110531 0.10
20110601 0.10
20110602 0.10
20110603 0.11
20110604 0.11
20110605 0.11
20110606 0.10
20110607 0.09
20110608 0.09
20110609 0.09
20110610 0.09
20110611 0.09
20110612 0.09
20110613 0.10
20110614 0.10
20110615 0.10
20110616 0.10
20110617 0.10
20110618 0.10
20110619 0.10
20110620 0.09
20110621 0.09
20110622 0.09
20110623 0.08
20110624 0.08
20110625 0.08
20110626 0.08
20110627 0.08
20110628 0.08
20110629 0.07
20110630 0.07
20110701 0.08
20110702 0.08
20110703 0.08
20110704 0.08
20110705 0.08
20110706 0.07
20110707 0.07
20110708 0.07
20110709 0.07
20110710 0.07
20110711 0.07
20110712 0.06
20110713 0.06
20110714 0.06
20110715 0.06
20110716 0.06
20110717 0.06
20110718 0.06
20110719 0.06
20110720 0.06
20110721 0.06
20110722 0.06
20110723 0.06
20110724 0.06
20110725 0.06
20110726 0.06
20110727 0.07
20110728 0.08
20110729 0.11
20110730 0.11
20110731 0.11
20110801 0.17
20110802 0.16
20110803 0.12
20110804 0.09
20110805 0.08
20110806 0.08
20110807 0.08
20110808 0.11
20110809 0.10
20110810 0.10
20110811 0.09
20110812 0.10
20110813 0.10
20110814 0.10
20110815 0.10
20110816 0.09
20110817 0.09
20110818 0.09
20110819 0.09
20110820 0.09
20110821 0.09
20110822 0.09
20110823 0.08
20110824 0.08
20110825 0.08
20110826 0.09
20110827 0.09
20110828 0.09
20110829 0.09
20110830 0.08
20110831 0.08
20110901 0.08
20110902 0.08
20110903 0.08
20110904 0.08
20110905 0.08
20110906 0.09
20110907 0.09
20110908 0.09
20110909 0.09
20110910 0.09
20110911 0.09
20110912 0.09
20110913 0.09
20110914 0.08
20110915 0.09
20110916 0.09
20110917 0.09
20110918 0.09
20110919 0.09
20110920 0.09
20110921 0.08
20110922 0.08
20110923 0.08
20110924 0.08
20110925 0.08
20110926 0.08
20110927 0.08
20110928 0.08
20110929 0.08
20110930 0.06
20111001 0.06
20111002 0.06
20111003 0.08
20111004 0.07
20111005 0.07
20111006 0.07
20111007 0.07
20111008 0.07
20111009 0.07
20111010 0.07
20111011 0.07
20111012 0.07
20111013 0.07
20111014 0.07
20111015 0.07
20111016 0.07
20111017 0.07
20111018 0.07
20111019 0.07
20111020 0.07
20111021 0.07
20111022 0.07
20111023 0.07
20111024 0.07
20111025 0.07
20111026 0.08
20111027 0.07
20111028 0.07
20111029 0.07
20111030 0.07
20111031 0.09
20111101 0.08
20111102 0.08
20111103 0.09
20111104 0.08
20111105 0.08
20111106 0.08
20111107 0.08
20111108 0.08
20111109 0.08
20111110 0.08
20111111 0.08
20111112 0.08
20111113 0.08
20111114 0.08
20111115 0.09
20111116 0.08
20111117 0.08
20111118 0.08
20111119 0.08
20111120 0.08
20111121 0.08
20111122 0.08
20111123 0.09
20111124 0.09
20111125 0.07
20111126 0.07
20111127 0.07
20111128 0.08
20111129 0.08
20111130 0.10
20111201 0.08
20111202 0.08
20111203 0.08
20111204 0.08
20111205 0.08
20111206 0.08
20111207 0.08
20111208 0.07
20111209 0.07
20111210 0.07
20111211 0.07
20111212 0.07
20111213 0.07
20111214 0.07
20111215 0.07
20111216 0.07
20111217 0.07
20111218 0.07
20111219 0.07
20111220 0.07
20111221 0.07
20111222 0.07
20111223 0.08
20111224 0.08
20111225 0.08
20111226 0.08
20111227 0.07
20111228 0.07
20111229 0.07
20111230 0.04
20111231 0.04
20120101 0.04
20120102 0.04
20120103 0.07
20120104 0.07
20120105 0.07
20120106 0.07
20120107 0.07
20120108 0.07
20120109 0.08
20120110 0.08
20120111 0.08
20120112 0.08
20120113 0.09
20120114 0.09
20120115 0.09
20120116 0.09
20120117 0.09
20120118 0.09
20120119 0.10
20120120 0.09
20120121 0.09
20120122 0.09
20120123 0.09
20120124 0.09
20120125 0.08
20120126 0.08
20120127 0.09
20120128 0.09
20120129 0.09
20120130 0.09
20120131 0.11
20120201 0.11
20120202 0.11
20120203 0.11
20120204 0.11
20120205 0.11
20120206 0.11
20120207 0.11
20120208 0.11
20120209 0.11
20120210 0.12
20120211 0.12
20120212 0.12
20120213 0.12
20120214 0.12
20120215 0.12
20120216 0.11
20120217 0.09
20120218 0.09
20120219 0.09
20120220 0.09
20120221 0.10
20120222 0.08
20120223 0.08
20120224 0.09
20120225 0.09
20120226 0.09
20120227 0.10
20120228 0.10
20120229 0.10
20120301 0.11
20120302 0.11
20120303 0.11
20120304 0.11
20120305 0.11
20120306 0.11
20120307 0.11
20120308 0.11
20120309 0.12
20120310 0.12
20120311 0.12
20120312 0.12
20120313 0.12
20120314 0.13
20120315 0.14
20120316 0.15
20120317 0.15
20120318 0.15
20120319 0.15
20120320 0.15
20120321 0.15
20120322 0.14
20120323 0.14
20120324 0.14
20120325 0.14
20120326 0.14
20120327 0.14
20120328 0.13
20120329 0.13
20120330 0.09
20120331 0.09
20120401 0.09
20120402 0.15
20120403 0.15
20120404 0.15
20120405 0.15
20120406 0.12
20120407 0.12
20120408 0.12
20120409 0.16
20120410 0.15
20120411 0.16
20120412 0.15
20120413 0.15
20120414 0.15
20120415 0.15
20120416 0.15
20120417 0.16
20120418 0.15
20120419 0.13
20120420 0.12
20120421 0.12
20120422 0.12
20120423 0.13
20120424 0.14
20120425 0.15
20120426 0.14
20120427 0.13
20120428 0.13
20120429 0.13
20120430 0.16
20120501 0.16
20120502 0.15
20120503 0.15
20120504 0.16
20120505 0.16
20120506 0.16
20120507 0.16
20120508 0.16
20120509 0.15
20120510 0.15
20120511 0.15
20120512 0.15
20120513 0.15
20120514 0.16
20120515 0.16
20120516 0.16
20120517 0.16
20120518 0.16
20120519 0.16
20120520 0.16
20120521 0.16
20120522 0.16
20120523 0.15
20120524 0.15
20120525 0.15
20120526 0.15
20120527 0.15
20120528 0.15
20120529 0.16
20120530 0.16
20120531 0.16
20120601 0.16
20120602 0.16
20120603 0.16
20120604 0.17
20120605 0.17
20120606 0.16
20120607 0.16
20120608 0.17
20120609 0.17
20120610 0.17
20120611 0.17
20120612 0.16
20120613 0.17
20120614 0.17
20120615 0.18
20120616 0.18
20120617 0.18
20120618 0.17
20120619 0.17
20120620 0.16
20120621 0.17
20120622 0.17
20120623 0.17
20120624 0.17
20120625 0.17
20120626 0.16
20120627 0.15
20120628 0.15
20120629 0.09
20120630 0.09
20120701 0.09
20120702 0.18
20120703 0.17
20120704 0.17
20120705 0.17
20120706 0.17
20120707 0.17
20120708 0.17
20120709 0.17
20120710 0.17
20120711 0.17
20120712 0.18
20120713 0.19
20120714 0.19
20120715 0.19
20120716 0.18
20120717 0.17
20120718 0.16
20120719 0.13
20120720 0.13
20120721 0.13
20120722 0.13
20120723 0.14
20120724 0.15
20120725 0.15
20120726 0.14
20120727 0.14
20120728 0.14
20120729 0.14
20120730 0.14
20120731 0.13
20120801 0.14
20120802 0.14
20120803 0.14
20120804 0.14
20120805 0.14
20120806 0.14
20120807 0.13
20120808 0.13
20120809 0.13
20120810 0.13
20120811 0.13
20120812 0.13
20120813 0.13
20120814 0.13
20120815 0.13
20120816 0.13
20120817 0.13
20120818 0.13
20120819 0.13
20120820 0.13
20120821 0.13
20120822 0.13
20120823 0.13
20120824 0.13
20120825 0.13
20120826 0.13
20120827 0.13
20120828 0.13
20120829 0.13
20120830 0.14
20120831 0.13
20120901 0.13
20120902 0.13
20120903 0.13
20120904 0.14
20120905 0.16
20120906 0.16
20120907 0.15
20120908 0.15
20120909 0.15
20120910 0.15
20120911 0.15
20120912 0.15
20120913 0.15
20120914 0.16
20120915 0.16
20120916 0.16
20120917 0.16
20120918 0.16
20120919 0.15
20120920 0.16
20120921 0.15
20120922 0.15
20120923 0.15
20120924 0.16
20120925 0.15
20120926 0.15
20120927 0.14
20120928 0.09
20120929 0.09
20120930 0.09
20121001 0.15
20121002 0.16
20121003 0.16
20121004 0.15
20121005 0.15
20121006 0.15
20121007 0.15
20121008 0.15
20121009 0.16
20121010 0.16
20121011 0.16
20121012 0.16
20121013 0.16
20121014 0.16
20121015 0.16
20121016 0.16
20121017 0.15
20121018 0.15
20121019 0.16
20121020 0.16
20121021 0.16
20121022 0.15
20121023 0.15
20121024 0.17
20121025 0.16
20121026 0.16
20121027 0.16
20121028 0.16
20121029 0.17
20121030 0.17
20121031 0.18
20121101 0.17
20121102 0.16
20121103 0.16
20121104 0.16
20121105 0.17
20121106 0.16
20121107 0.16
20121108 0.16
20121109 0.16
20121110 0.16
20121111 0.16
20121112 0.16
20121113 0.16
20121114 0.16
20121115 0.16
20121116 0.16
20121117 0.16
20121118 0.16
20121119 0.16
20121120 0.16
20121121 0.16
20121122 0.16
20121123 0.16
20121124 0.16
20121125 0.16
20121126 0.16
20121127 0.16
20121128 0.16
20121129 0.16
20121130 0.16
20121201 0.16
20121202 0.16
20121203 0.16
20121204 0.17
20121205 0.16
20121206 0.16
20121207 0.16
20121208 0.16
20121209 0.16
20121210 0.16
20121211 0.17
20121212 0.17
20121213 0.16
20121214 0.17
20121215 0.17
20121216 0.17
20121217 0.16
20121218 0.17
20121219 0.17
20121220 0.17
20121221 0.17
20121222 0.17
20121223 0.17
20121224 0.18
20121225 0.18
20121226 0.17
20121227 0.17
20121228 0.17
20121229 0.17
20121230 0.17
20121231 0.09
20130101 0.09
20130102 0.17
20130103 0.17
20130104 0.16
20130105 0.16
20130106 0.16
20130107 0.16
20130108 0.15
20130109 0.14
20130110 0.14
20130111 0.14
20130112 0.14
20130113 0.14
20130114 0.14
20130115 0.15
20130116 0.14
20130117 0.14
20130118 0.14
20130119 0.14
20130120 0.14
20130121 0.14
20130122 0.14
20130123 0.13
20130124 0.15
20130125 0.14
20130126 0.14
20130127 0.14
20130128 0.14
20130129 0.12
20130130 0.12
20130131 0.15
20130201 0.14
20130202 0.14
20130203 0.14
20130204 0.13
20130205 0.13
20130206 0.13
20130207 0.13
20130208 0.14
20130209 0.14
20130210 0.14
20130211 0.14
20130212 0.13
20130213 0.14
20130214 0.14
20130215 0.16
20130216 0.16
20130217 0.16
20130218 0.16
20130219 0.15
20130220 0.15
20130221 0.16
20130222 0.16
20130223 0.16
20130224 0.16
20130225 0.15
20130226 0.14
20130227 0.14
20130228 0.14
20130301 0.14
20130302 0.14
20130303 0.14
20130304 0.16
20130305 0.15
20130306 0.15
20130307 0.16
20130308 0.15
20130309 0.15
20130310 0.15
20130311 0.16
20130312 0.15
20130313 0.14
20130314 0.15
20130315 0.16
20130316 0.16
20130317 0.16
20130318 0.16
20130319 0.15
20130320 0.15
20130321 0.16
20130322 0.15
20130323 0.15
20130324 0.15
20130325 0.15
20130326 0.14
20130327 0.12
20130328 0.13
20130329 0.09
20130330 0.09
20130331 0.09
20130401 0.16
20130402 0.15
20130403 0.14
20130404 0.14
20130405 0.15
20130406 0.15
20130407 0.15
20130408 0.15
20130409 0.15
20130410 0.15
20130411 0.15
20130412 0.15
20130413 0.15
20130414 0.15
20130415 0.15
20130416 0.15
20130417 0.15
20130418 0.15
20130419 0.15
20130420 0.15
20130421 0.15
20130422 0.15
20130423 0.14
20130424 0.13
20130425 0.13
20130426 0.13
20130427 0.13
20130428 0.13
20130429 0.13
20130430 0.14
20130501 0.14
20130502 0.15
20130503 0.14
20130504 0.14
20130505 0.14
20130506 0.14
20130507 0.12
20130508 0.12
20130509 0.12
20130510 0.12
20130511 0.12
20130512 0.12
20130513 0.12
20130514 0.11
20130515 0.12
20130516 0.11
20130517 0.10
20130518 0.10
20130519 0.10
20130520 0.10
20130521 0.09
20130522 0.08
20130523 0.08
20130524 0.09
20130525 0.09
20130526 0.09
20130527 0.09
20130528 0.09
20130529 0.08
20130530 0.08
20130531 0.09
20130601 0.09
20130602 0.09
20130603 0.10
20130604 0.11
20130605 0.09
20130606 0.10
20130607 0.09
20130608 0.09
20130609 0.09
20130610 0.09
20130611 0.09
20130612 0.08
20130613 0.09
20130614 0.10
20130615 0.10
20130616 0.10
20130617 0.11
20130618 0.12
20130619 0.10
20130620 0.10
20130621 0.10
20130622 0.10
20130623 0.10
20130624 0.10
20130625 0.09
20130626 0.09
20130627 0.09
20130628 0.07
20130629 0.07
20130630 0.07
20130701 0.10
20130702 0.10
20130703 0.10
20130704 0.10
20130705 0.10
20130706 0.10
20130707 0.10
20130708 0.10
20130709 0.10
20130710 0.09
20130711 0.09
20130712 0.09
20130713 0.09
20130714 0.09
20130715 0.09
20130716 0.09
20130717 0.09
20130718 0.09
20130719 0.09
20130720 0.09
20130721 0.09
20130722 0.09
20130723 0.09
20130724 0.09
20130725 0.09
20130726 0.09
20130727 0.09
20130728 0.09
20130729 0.08
20130730 0.09
20130731 0.09
20130801 0.08
20130802 0.09
20130803 0.09
20130804 0.09
20130805 0.08
20130806 0.09
20130807 0.09
20130808 0.09
20130809 0.08
20130810 0.08
20130811 0.08
20130812 0.08
20130813 0.08
20130814 0.09
20130815 0.08
20130816 0.09
20130817 0.09
20130818 0.09
20130819 0.09
20130820 0.09
20130821 0.08
20130822 0.09
20130823 0.08
20130824 0.08
20130825 0.08
20130826 0.08
20130827 0.07
20130828 0.07
20130829 0.08
20130830 0.07
20130831 0.07
20130901 0.07
20130902 0.07
20130903 0.09
20130904 0.08
20130905 0.08
20130906 0.08
20130907 0.08
20130908 0.08
20130909 0.08
20130910 0.08
20130911 0.08
20130912 0.08
20130913 0.08
20130914 0.08
20130915 0.08
20130916 0.08
20130917 0.08
20130918 0.08
20130919 0.09
20130920 0.08
20130921 0.08
20130922 0.08
20130923 0.09
20130924 0.09
20130925 0.08
20130926 0.08
20130927 0.08
20130928 0.08
20130929 0.08
20130930 0.06
20131001 0.08
20131002 0.07
20131003 0.08
20131004 0.08
20131005 0.08
20131006 0.08
20131007 0.08
20131008 0.08
20131009 0.09
20131010 0.09
20131011 0.10
20131012 0.10
20131013 0.10
20131014 0.10
20131015 0.10
20131016 0.11
20131017 0.10
20131018 0.10
20131019 0.10
20131020 0.10
20131021 0.09
20131022 0.08
20131023 0.08
20131024 0.08
20131025 0.08
20131026 0.08
20131027 0.08
20131028 0.08
20131029 0.08
20131030 0.08
20131031 0.07
20131101 0.08
20131102 0.08
20131103 0.08
20131104 0.08
20131105 0.08
20131106 0.08
20131107 0.08
20131108 0.08
20131109 0.08
20131110 0.08
20131111 0.08
20131112 0.08
20131113 0.08
20131114 0.09
20131115 0.09
20131116 0.09
20131117 0.09
20131118 0.09
20131119 0.09
20131120 0.09
20131121 0.09
20131122 0.09
20131123 0.09
20131124 0.09
20131125 0.09
20131126 0.09
20131127 0.09
20131128 0.09
20131129 0.07
20131130 0.07
20131201 0.07
20131202 0.09
20131203 0.09
20131204 0.09
20131205 0.09
20131206 0.09
20131207 0.09
20131208 0.09
20131209 0.09
20131210 0.09
20131211 0.08
20131212 0.09
20131213 0.08
20131214 0.08
20131215 0.08
20131216 0.09
20131217 0.09
20131218 0.09
20131219 0.09
20131220 0.09
20131221 0.09
20131222 0.09
20131223 0.09
20131224 0.08
20131225 0.08
20131226 0.08
20131227 0.08
20131228 0.08
20131229 0.08
20131230 0.08
20131231 0.07
20140101 0.07
20140102 0.08
20140103 0.08
20140104 0.08
20140105 0.08
20140106 0.08
20140107 0.07
20140108 0.07
20140109 0.07
20140110 0.07
20140111 0.07
20140112 0.07
20140113 0.07
20140114 0.07
20140115 0.07
20140116 0.07
20140117 0.07
20140118 0.07
20140119 0.07
20140120 0.07
20140121 0.07
20140122 0.07
20140123 0.07
20140124 0.07
20140125 0.07
20140126 0.07
20140127 0.07
20140128 0.07
20140129 0.07
20140130 0.07
20140131 0.07
20140201 0.07
20140202 0.07
20140203 0.07
20140204 0.07
20140205 0.07
20140206 0.07
20140207 0.06
20140208 0.06
20140209 0.06
20140210 0.07
20140211 0.06
20140212 0.07
20140213 0.06
20140214 0.06
20140215 0.06
20140216 0.06
20140217 0.06
20140218 0.07
20140219 0.07
20140220 0.07
20140221 0.07
20140222 0.07
20140223 0.07
20140224 0.07
20140225 0.07
20140226 0.07
20140227 0.07
20140228 0.06
20140301 0.06
20140302 0.06
20140303 0.07
20140304 0.07
20140305 0.08
20140306 0.08
20140307 0.08
20140308 0.08
20140309 0.08
20140310 0.08
20140311 0.08
20140312 0.08
20140313 0.08
20140314 0.08
20140315 0.08
20140316 0.08
20140317 0.08
20140318 0.08
20140319 0.08
20140320 0.08
20140321 0.08
20140322 0.08
20140323 0.08
20140324 0.09
20140325 0.09
20140326 0.08
20140327 0.08
20140328 0.08
20140329 0.08
20140330 0.08
20140331 0.06
20140401 0.08
20140402 0.09
20140403 0.08
20140404 0.08
20140405 0.08
20140406 0.08
20140407 0.09
20140408 0.08
20140409 0.08
20140410 0.08
20140411 0.09
20140412 0.09
20140413 0.09
20140414 0.09
20140415 0.10
20140416 0.09
20140417 0.09
20140418 0.10
20140419 0.10
20140420 0.10
20140421 0.10
20140422 0.10
20140423 0.10
20140424 0.10
20140425 0.09
20140426 0.09
20140427 0.09
20140428 0.09
20140429 0.10
20140430 0.09
20140501 0.09
20140502 0.09
20140503 0.09
20140504 0.09
20140505 0.09
20140506 0.09
20140507 0.08
20140508 0.08
20140509 0.08
20140510 0.08
20140511 0.08
20140512 0.08
20140513 0.09
20140514 0.08
20140515 0.09
20140516 0.09
20140517 0.09
20140518 0.09
20140519 0.09
20140520 0.09
20140521 0.09
20140522 0.09
20140523 0.09
20140524 0.09
20140525 0.09
20140526 0.09
20140527 0.09
20140528 0.09
20140529 0.09
20140530 0.08
20140531 0.08
20140601 0.08
20140602 0.09
20140603 0.10
20140604 0.09
20140605 0.09
20140606 0.09
20140607 0.09
20140608 0.09
20140609 0.09
20140610 0.09
20140611 0.09
20140612 0.09
20140613 0.10
20140614 0.10
20140615 0.10
20140616 0.10
20140617 0.10
20140618 0.10
20140619 0.10
20140620 0.10
20140621 0.10
20140622 0.10
20140623 0.10
20140624 0.10
20140625 0.10
20140626 0.10
20140627 0.10
20140628 0.10
20140629 0.10
20140630 0.09
20140701 0.10
20140702 0.10
20140703 0.09
20140704 0.09
20140705 0.09
20140706 0.09
20140707 0.10
20140708 0.09
20140709 0.09
20140710 0.09
20140711 0.09
20140712 0.09
20140713 0.09
20140714 0.09
20140715 0.09
20140716 0.09
20140717 0.09
20140718 0.09
20140719 0.09
20140720 0.09
20140721 0.10
20140722 0.09
20140723 0.09
20140724 0.09
20140725 0.09
20140726 0.09
20140727 0.09
20140728 0.09
20140729 0.09
20140730 0.09
20140731 0.08
20140801 0.09
20140802 0.09
20140803 0.09
20140804 0.09
20140805 0.09
20140806 0.09
20140807 0.09
20140808 0.09
20140809 0.09
20140810 0.09
20140811 0.09
20140812 0.09
20140813 0.09
20140814 0.09
20140815 0.09
20140816 0.09
20140817 0.09
20140818 0.09
20140819 0.09
20140820 0.09
20140821 0.09
20140822 0.09
20140823 0.09
20140824 0.09
20140825 0.09
20140826 0.09
20140827 0.09
20140828 0.09
20140829 0.07
20140830 0.07
20140831 0.07
20140901 0.07
20140902 0.09
20140903 0.09
20140904 0.09
20140905 0.09
20140906 0.09
20140907 0.09
20140908 0.09
20140909 0.09
20140910 0.09
20140911 0.09
20140912 0.09
20140913 0.09
20140914 0.09
20140915 0.09
20140916 0.09
20140917 0.09
20140918 0.09
20140919 0.09
20140920 0.09
20140921 0.09
20140922 0.09
20140923 0.09
20140924 0.09
20140925 0.09
20140926 0.09
20140927 0.09
20140928 0.09
20140929 0.08
20140930 0.07
20141001 0.09
20141002 0.09
20141003 0.09
20141004 0.09
20141005 0.09
20141006 0.09
20141007 0.09
20141008 0.09
20141009 0.08
20141010 0.09
20141011 0.09
20141012 0.09
20141013 0.09
20141014 0.09
20141015 0.09
20141016 0.09
20141017 0.09
20141018 0.09
20141019 0.09
20141020 0.09
20141021 0.09
20141022 0.09
20141023 0.09
20141024 0.09
20141025 0.09
20141026 0.09
20141027 0.09
20141028 0.09
20141029 0.09
20141030 0.09
20141031 0.07
20141101 0.07
20141102 0.07
20141103 0.09
20141104 0.10
20141105 0.09
20141106 0.09
20141107 0.09
20141108 0.09
20141109 0.09
20141110 0.09
20141111 0.09
20141112 0.09
20141113 0.09
20141114 0.09
20141115 0.09
20141116 0.09
20141117 0.10
20141118 0.11
20141119 0.10
20141120 0.10
20141121 0.10
20141122 0.10
20141123 0.10
20141124 0.10
20141125 0.10
20141126 0.10
20141127 0.10
20141128 0.08
20141129 0.08
20141130 0.08
20141201 0.13
20141202 0.12
20141203 0.12
20141204 0.12
20141205 0.12
20141206 0.12
20141207 0.12
20141208 0.12
20141209 0.12
20141210 0.12
20141211 0.12
20141212 0.12
20141213 0.12
20141214 0.12
20141215 0.11
20141216 0.12
20141217 0.13
20141218 0.13
20141219 0.13
20141220 0.13
20141221 0.13
20141222 0.13
20141223 0.13
20141224 0.13
20141225 0.13
20141226 0.13
20141227 0.13
20141228 0.13
20141229 0.13
20141230 0.13
20141231 0.06
20150101 0.06
20150102 0.12
20150103 0.12
20150104 0.12
20150105 0.12
20150106 0.12
20150107 0.12
20150108 0.12
20150109 0.12
20150110 0.12
20150111 0.12
20150112 0.12
20150113 0.12
20150114 0.12
20150115 0.12
20150116 0.13
20150117 0.13
20150118 0.13
20150119 0.13
20150120 0.12
20150121 0.12
20150122 0.12
20150123 0.12
20150124 0.12
20150125 0.12
20150126 0.12
20150127 0.11
20150128 0.12
20150129 0.11
20150130 0.06
20150131 0.06
20150201 0.06
20150202 0.12
20150203 0.12
20150204 0.11
20150205 0.12
20150206 0.11
20150207 0.11
20150208 0.11
20150209 0.12
20150210 0.12
20150211 0.12
20150212 0.12
20150213 0.12
20150214 0.12
20150215 0.12
20150216 0.12
20150217 0.12
20150218 0.12
20150219 0.12
20150220 0.12
20150221 0.12
20150222 0.12
20150223 0.11
20150224 0.11
20150225 0.11
20150226 0.11
20150227 0.06
20150228 0.06
20150301 0.06
20150302 0.12
20150303 0.12
20150304 0.11
20150305 0.11
20150306 0.12
20150307 0.12
20150308 0.12
20150309 0.12
20150310 0.12