3 3.98001
4 3.97961
1 3.99061
0 3.99
3 3.98176
3 3.98171
3 3.9833
3 3.97962
3 3.98305
3 3.98476
3 3.98035
4 3.97912
0 3.98962
4 3.98321
0 3.98628
4 3.98659
0 3.98839
4 3.98798
0 3.98508
3 3.98
0 3.98518
4 3.98839
3 3.98289
0 3.98747
4 3.99
3 3.98222
0 3.98758
4 4.00712
3 3.98093
0 3.98596
4 4.02445
4 4.0357
4 4.05569
4 4.07193
3 3.97771
0 3.98738
4 4.09173
3 3.9773
4 4.11172
0 3.988
3 3.97391
4 4.12638
0 3.99453
3 3.97621
4 4.14345
0 3.99567
3 3.97595
4 4.16656
0 3.99881
3 3.97625
4 4.18312
0 4.00122
3 3.97604
4 4.20245
0 4.00082
3 3.9761
4 4.21061
0 3.99979
0 3.99768
1 3.98823
0 4.0017
0 3.99882
1 3.98663
1 3.98043
1 3.98059
1 3.97784
1 3.9778
1 3.97723
1 3.97514
1 3.97492
1 3.97755
1 3.97871
1 3.97641
1 3.98072
1 3.9832
1 3.98217
1 3.98423
1 3.98796
1 3.9881
1 3.98723
2 3.99076
2 3.98672
2 3.98632
2 3.98487
2 3.98509
2 3.99024
2 3.99021
2 3.98896
2 3.98799
2 3.98612
2 3.98122
2 3.97818
2 3.98063
2 3.98403
2 3.97995
2 3.97696
2 3.98179
2 3.98228
2 3.98178
2 3.98614